Chiptime	ax(g)	ay(g)	az(g)	wx(deg/s)	wy(deg/s)	wz(deg/s)	AngleX(deg)	AngleY(deg)	AngleZ(deg)	T(°)	magx	magy	magz	lon	lat	Yaw	Speed	q1	q2	q3	q4
 2024-1-29 13:12:54.790	0.0034	0.0005	0.9976	0.0	0.0	0.0	0.319	-1.566	51.52	23.61	1223	967	-2506	None	None	None	None	-0.90057	-0.00116	0.00189	-0.43457
 2024-1-29 13:12:54.790	0.0034	0.0005	0.9976	0.0	0.0	0.0	0.319	-1.566	51.52	23.61	1223	967	-2506	None	None	None	None	-0.90057	-0.00116	0.00189	-0.43457
 2024-1-29 13:12:54.795	0.0034	-0.0005	0.9956	0.0	0.0	0.0	0.319	-1.566	51.52	23.61	1223	967	-2506	None	None	None	None	-0.90057	-0.00116	0.00189	-0.43457
 2024-1-29 13:12:54.795	0.0034	-0.0005	0.9956	0.0	0.0	0.0	0.319	-1.566	51.52	23.61	1223	967	-2506	None	None	None	None	-0.90057	-0.00116	0.00189	-0.43457
 2024-1-29 13:12:54.800	0.0024	-0.0015	0.999	0.0	0.0	0.0	0.319	-1.566	51.52	23.73	1222	967	-2506	None	None	None	None	-0.90057	-0.00116	0.00189	-0.43457
 2024-1-29 13:12:54.800	0.0024	-0.0015	0.999	0.0	0.0	0.0	0.319	-1.566	51.52	23.73	1222	967	-2506	None	None	None	None	-0.90057	-0.00116	0.00189	-0.43457
 2024-1-29 13:12:54.805	0.0039	0.0	0.9995	0.0	0.0	0.0	0.319	-1.566	51.52	23.73	1223	967	-2506	None	None	None	None	-0.90057	-0.00116	0.00189	-0.43457
 2024-1-29 13:12:54.805	0.0039	0.0	0.9995	0.0	0.0	0.0	0.319	-1.566	51.52	23.73	1223	967	-2506	None	None	None	None	-0.90057	-0.00116	0.00189	-0.43457
 2024-1-29 13:12:54.810	0.0063	0.0024	0.9995	0.0	0.0	0.0	0.319	-1.566	51.52	23.67	1223	967	-2506	None	None	None	None	-0.90057	-0.00116	0.00189	-0.43457
 2024-1-29 13:12:54.810	0.0063	0.0024	0.9995	0.0	0.0	0.0	0.319	-1.566	51.52	23.67	1223	967	-2506	None	None	None	None	-0.90057	-0.00116	0.00189	-0.43457
 2024-1-29 13:12:54.815	0.0078	0.001	1.001	0.0	0.0	0.0	0.319	-1.566	51.52	23.8	1223	966	-2506	None	None	None	None	-0.90057	-0.00116	0.00189	-0.43457
 2024-1-29 13:12:54.815	0.0078	0.001	1.001	0.0	0.0	0.0	0.319	-1.566	51.52	23.8	1223	966	-2506	None	None	None	None	-0.90057	-0.00116	0.00189	-0.43457
 2024-1-29 13:12:54.820	0.0054	0.002	1.0005	0.0	0.0	0.0	0.319	-1.566	51.52	23.67	1223	966	-2506	None	None	None	None	-0.90057	-0.00116	0.00189	-0.43457
 2024-1-29 13:12:54.820	0.0054	0.002	1.0005	0.0	0.0	0.0	0.319	-1.566	51.52	23.67	1223	966	-2506	None	None	None	None	-0.90057	-0.00116	0.00189	-0.43457
 2024-1-29 13:12:54.825	0.0039	0.0	0.9966	0.0	0.0	0.0	0.319	-1.566	51.52	23.73	1223	966	-2506	None	None	None	None	-0.90057	-0.00116	0.00189	-0.43457
 2024-1-29 13:12:54.825	0.0039	0.0	0.9966	0.0	0.0	0.0	0.319	-1.566	51.52	23.73	1223	966	-2506	None	None	None	None	-0.90057	-0.00116	0.00189	-0.43457
 2024-1-29 13:12:54.830	0.002	0.001	0.9971	0.0	0.0	0.0	0.319	-1.566	51.52	23.67	1223	966	-2506	None	None	None	None	-0.90057	-0.00116	0.00189	-0.43457
 2024-1-29 13:12:54.830	0.002	0.001	0.9971	0.0	0.0	0.0	0.319	-1.566	51.52	23.67	1223	966	-2506	None	None	None	None	-0.90057	-0.00116	0.00189	-0.43457
 2024-1-29 13:12:54.835	0.0044	-0.0034	0.998	0.0	0.0	0.0	0.319	-1.566	51.52	23.61	1223	966	-2506	None	None	None	None	-0.90057	-0.00116	0.00189	-0.43457
 2024-1-29 13:12:54.835	0.0044	-0.0034	0.998	0.0	0.0	0.0	0.319	-1.566	51.52	23.61	1223	966	-2506	None	None	None	None	-0.90057	-0.00116	0.00189	-0.43457
 2024-1-29 13:12:54.840	0.0059	0.0	0.999	0.0	0.0	0.0	0.319	-1.566	51.52	23.8	1223	967	-2506	None	None	None	None	-0.90057	-0.00116	0.00189	-0.43457
 2024-1-29 13:12:54.840	0.0059	0.0	0.999	0.0	0.0	0.0	0.319	-1.566	51.52	23.8	1223	967	-2506	None	None	None	None	-0.90057	-0.00116	0.00189	-0.43457
 2024-1-29 13:12:54.845	0.0044	0.001	0.998	0.0	0.0	0.0	0.319	-1.566	51.52	23.67	1223	967	-2506	None	None	None	None	-0.90057	-0.00116	0.00189	-0.43457
 2024-1-29 13:12:54.845	0.0044	0.001	0.998	0.0	0.0	0.0	0.319	-1.566	51.52	23.67	1223	967	-2506	None	None	None	None	-0.90057	-0.00116	0.00189	-0.43457
 2024-1-29 13:12:54.850	0.0068	0.0024	1.0015	0.0	0.0	0.0	0.319	-1.566	51.52	23.86	1223	967	-2506	None	None	None	None	-0.90057	-0.00116	0.00189	-0.43457
 2024-1-29 13:12:54.850	0.0068	0.0024	1.0015	0.0	0.0	0.0	0.319	-1.566	51.52	23.86	1223	967	-2506	None	None	None	None	-0.90057	-0.00116	0.00189	-0.43457
 2024-1-29 13:12:54.855	0.002	0.0	0.9976	0.0	0.0	0.0	0.319	-1.566	51.52	23.8	1223	967	-2506	None	None	None	None	-0.90057	-0.00116	0.00189	-0.43457
 2024-1-29 13:12:54.855	0.002	0.0	0.9976	0.0	0.0	0.0	0.319	-1.566	51.52	23.8	1223	967	-2506	None	None	None	None	-0.90057	-0.00116	0.00189	-0.43457
 2024-1-29 13:12:54.860	0.0024	0.0	0.999	0.0	0.0	0.0	0.319	-1.566	51.52	23.61	1223	967	-2506	None	None	None	None	-0.90057	-0.00116	0.00189	-0.43457
 2024-1-29 13:12:54.860	0.0024	0.0	0.999	0.0	0.0	0.0	0.319	-1.566	51.52	23.61	1223	967	-2506	None	None	None	None	-0.90057	-0.00116	0.00189	-0.43457
 2024-1-29 13:12:54.865	0.002	-0.002	0.999	0.0	0.0	0.0	0.319	-1.566	51.52	23.8	1223	967	-2506	None	None	None	None	-0.90057	-0.00116	0.00189	-0.43457
 2024-1-29 13:12:54.865	0.002	-0.002	0.999	0.0	0.0	0.0	0.319	-1.566	51.52	23.8	1223	967	-2506	None	None	None	None	-0.90057	-0.00116	0.00189	-0.43457
 2024-1-29 13:12:54.870	0.002	-0.0005	1.0	0.0	0.0	0.0	0.319	-1.566	51.52	23.86	1223	966	-2506	None	None	None	None	-0.90057	-0.00116	0.00189	-0.43457
 2024-1-29 13:12:54.870	0.002	-0.0005	1.0	0.0	0.0	0.0	0.319	-1.566	51.52	23.86	1223	966	-2506	None	None	None	None	-0.90057	-0.00116	0.00189	-0.43457
 2024-1-29 13:12:54.875	0.0024	0.0	1.0005	0.0	0.0	0.0	0.319	-1.566	51.52	23.67	1223	966	-2506	None	None	None	None	-0.90057	-0.00116	0.00189	-0.43457
 2024-1-29 13:12:54.875	0.0024	0.0	1.0005	0.0	0.0	0.0	0.319	-1.566	51.52	23.67	1223	966	-2506	None	None	None	None	-0.90057	-0.00116	0.00189	-0.43457
 2024-1-29 13:12:54.880	0.0059	0.0	1.001	0.0	0.0	0.0	0.319	-1.566	51.52	23.73	1223	966	-2507	None	None	None	None	-0.90057	-0.00116	0.00189	-0.43457
 2024-1-29 13:12:54.880	0.0059	0.0	1.001	0.0	0.0	0.0	0.319	-1.566	51.52	23.73	1223	966	-2507	None	None	None	None	-0.90057	-0.00116	0.00189	-0.43457
 2024-1-29 13:12:54.885	0.0044	-0.0005	1.0015	0.0	0.0	0.0	0.319	-1.566	51.52	23.61	1223	966	-2507	None	None	None	None	-0.90057	-0.00116	0.00189	-0.43457
 2024-1-29 13:12:54.885	0.0044	-0.0005	1.0015	0.0	0.0	0.0	0.319	-1.566	51.52	23.61	1223	966	-2507	None	None	None	None	-0.90057	-0.00116	0.00189	-0.43457
 2024-1-29 13:12:54.890	0.0073	0.002	0.9971	0.0	0.0	0.0	0.319	-1.566	51.52	23.73	1223	966	-2507	None	None	None	None	-0.90057	-0.00116	0.00189	-0.43457
 2024-1-29 13:12:54.890	0.0073	0.002	0.9971	0.0	0.0	0.0	0.319	-1.566	51.52	23.73	1223	966	-2507	None	None	None	None	-0.90057	-0.00116	0.00189	-0.43457
 2024-1-29 13:12:54.895	0.0024	-0.0015	0.9995	0.0	0.0	0.0	0.319	-1.566	51.52	23.8	1223	967	-2507	None	None	None	None	-0.90057	-0.00116	0.00189	-0.43457
 2024-1-29 13:12:54.895	0.0024	-0.0015	0.9995	0.0	0.0	0.0	0.319	-1.566	51.52	23.8	1223	967	-2507	None	None	None	None	-0.90057	-0.00116	0.00189	-0.43457
 2024-1-29 13:12:54.900	0.0039	0.0	1.002	0.0	0.0	0.0	0.319	-1.566	51.52	23.73	1223	967	-2507	None	None	None	None	-0.90057	-0.00116	0.00189	-0.43457
 2024-1-29 13:12:54.900	0.0039	0.0	1.002	0.0	0.0	0.0	0.319	-1.566	51.52	23.73	1223	967	-2507	None	None	None	None	-0.90057	-0.00116	0.00189	-0.43457
 2024-1-29 13:12:54.905	0.002	-0.0024	1.0005	0.0	0.0	0.0	0.319	-1.566	51.52	23.54	1223	967	-2507	None	None	None	None	-0.90057	-0.00116	0.00189	-0.43457
 2024-1-29 13:12:54.905	0.002	-0.0024	1.0005	0.0	0.0	0.0	0.319	-1.566	51.52	23.54	1223	967	-2507	None	None	None	None	-0.90057	-0.00116	0.00189	-0.43457
 2024-1-29 13:12:54.910	0.0039	0.0	1.0015	0.0	0.0	0.0	0.319	-1.566	51.52	23.67	1223	967	-2507	None	None	None	None	-0.90057	-0.00116	0.00189	-0.43457
 2024-1-29 13:12:54.910	0.0039	0.0	1.0015	0.0	0.0	0.0	0.319	-1.566	51.52	23.67	1223	967	-2507	None	None	None	None	-0.90057	-0.00116	0.00189	-0.43457
 2024-1-29 13:12:54.915	0.0078	0.0005	1.0015	0.0	0.0	0.0	0.319	-1.566	51.52	23.67	1223	967	-2507	None	None	None	None	-0.90057	-0.00116	0.00189	-0.43457
 2024-1-29 13:12:54.915	0.0078	0.0005	1.0015	0.0	0.0	0.0	0.319	-1.566	51.52	23.67	1223	967	-2507	None	None	None	None	-0.90057	-0.00116	0.00189	-0.43457
 2024-1-29 13:12:54.920	0.0054	0.0005	0.998	0.0	0.0	0.0	0.319	-1.566	51.52	23.67	1222	967	-2507	None	None	None	None	-0.90057	-0.00116	0.00189	-0.43457
 2024-1-29 13:12:54.920	0.0054	0.0005	0.998	0.0	0.0	0.0	0.319	-1.566	51.52	23.67	1222	967	-2507	None	None	None	None	-0.90057	-0.00116	0.00189	-0.43457
 2024-1-29 13:12:54.925	0.0049	0.0005	1.0	0.0	0.0	0.0	0.319	-1.566	51.52	23.73	1223	967	-2507	None	None	None	None	-0.90057	-0.00116	0.00189	-0.43457
 2024-1-29 13:12:54.925	0.0049	0.0005	1.0	0.0	0.0	0.0	0.319	-1.566	51.52	23.73	1223	967	-2507	None	None	None	None	-0.90057	-0.00116	0.00189	-0.43457
 2024-1-29 13:12:54.930	0.0063	0.001	0.999	0.0	0.0	0.0	0.319	-1.566	51.52	23.8	1223	967	-2507	None	None	None	None	-0.90057	-0.00116	0.00189	-0.43457
 2024-1-29 13:12:54.930	0.0063	0.001	0.999	0.0	0.0	0.0	0.319	-1.566	51.52	23.8	1223	967	-2507	None	None	None	None	-0.90057	-0.00116	0.00189	-0.43457
 2024-1-29 13:12:54.935	0.002	0.0	1.0005	0.0	0.0	0.0	0.319	-1.566	51.52	23.8	1223	967	-2506	None	None	None	None	-0.90057	-0.00116	0.00189	-0.43457
 2024-1-29 13:12:54.935	0.002	0.0	1.0005	0.0	0.0	0.0	0.319	-1.566	51.52	23.8	1223	967	-2506	None	None	None	None	-0.90057	-0.00116	0.00189	-0.43457
 2024-1-29 13:12:54.940	0.0039	0.0	1.0	0.0	0.0	0.0	0.319	-1.566	51.52	23.54	1223	967	-2506	None	None	None	None	-0.90057	-0.00116	0.00189	-0.43457
 2024-1-29 13:12:54.940	0.0039	0.0	1.0	0.0	0.0	0.0	0.319	-1.566	51.52	23.54	1223	967	-2506	None	None	None	None	-0.90057	-0.00116	0.00189	-0.43457
 2024-1-29 13:12:54.945	0.0049	0.0	1.0005	0.0	0.0	0.0	0.319	-1.566	51.52	23.73	1223	967	-2506	None	None	None	None	-0.90057	-0.00116	0.00189	-0.43457
 2024-1-29 13:12:54.945	0.0049	0.0	1.0005	0.0	0.0	0.0	0.319	-1.566	51.52	23.73	1223	967	-2506	None	None	None	None	-0.90057	-0.00116	0.00189	-0.43457
 2024-1-29 13:12:54.950	0.0063	0.0024	0.9995	0.0	0.0	0.0	0.319	-1.566	51.52	23.67	1223	967	-2506	None	None	None	None	-0.90057	-0.00116	0.00189	-0.43457
 2024-1-29 13:12:54.950	0.0063	0.0024	0.9995	0.0	0.0	0.0	0.319	-1.566	51.52	23.67	1223	967	-2506	None	None	None	None	-0.90057	-0.00116	0.00189	-0.43457
 2024-1-29 13:12:54.955	0.0054	0.0005	0.9995	0.0	0.0	0.0	0.319	-1.566	51.52	23.8	1223	967	-2506	None	None	None	None	-0.90057	-0.00116	0.00189	-0.43457
 2024-1-29 13:12:54.955	0.0054	0.0005	0.9995	0.0	0.0	0.0	0.319	-1.566	51.52	23.8	1223	967	-2506	None	None	None	None	-0.90057	-0.00116	0.00189	-0.43457
 2024-1-29 13:12:54.960	0.0029	0.0005	0.9971	0.0	0.0	0.0	0.319	-1.566	51.52	23.73	1223	967	-2506	None	None	None	None	-0.90057	-0.00116	0.00189	-0.43457
 2024-1-29 13:12:54.960	0.0029	0.0005	0.9971	0.0	0.0	0.0	0.319	-1.566	51.52	23.73	1223	967	-2506	None	None	None	None	-0.90057	-0.00116	0.00189	-0.43457
 2024-1-29 13:12:54.965	0.0034	0.0005	1.002	0.0	0.0	0.0	0.319	-1.566	51.52	23.67	1223	967	-2506	None	None	None	None	-0.90057	-0.00116	0.00189	-0.43457
 2024-1-29 13:12:54.965	0.0034	0.0005	1.002	0.0	0.0	0.0	0.319	-1.566	51.52	23.67	1223	967	-2506	None	None	None	None	-0.90057	-0.00116	0.00189	-0.43457
 2024-1-29 13:12:54.970	0.0054	0.0	1.0005	0.0	0.0	0.0	0.319	-1.566	51.52	23.61	1222	966	-2506	None	None	None	None	-0.90057	-0.00116	0.00189	-0.43457
 2024-1-29 13:12:54.970	0.0054	0.0	1.0005	0.0	0.0	0.0	0.319	-1.566	51.52	23.61	1222	966	-2506	None	None	None	None	-0.90057	-0.00116	0.00189	-0.43457
 2024-1-29 13:12:54.975	0.0034	-0.0005	1.001	0.0	0.0	0.0	0.319	-1.566	51.52	23.67	1223	966	-2506	None	None	None	None	-0.90057	-0.00116	0.00189	-0.43457
 2024-1-29 13:12:54.975	0.0034	-0.0005	1.001	0.0	0.0	0.0	0.319	-1.566	51.52	23.67	1223	966	-2506	None	None	None	None	-0.90057	-0.00116	0.00189	-0.43457
 2024-1-29 13:12:54.980	0.0039	0.0015	1.0	0.0	0.0	0.0	0.319	-1.566	51.52	23.73	1223	966	-2506	None	None	None	None	-0.90057	-0.00116	0.00189	-0.43457
 2024-1-29 13:12:54.980	0.0039	0.0015	1.0	0.0	0.0	0.0	0.319	-1.566	51.52	23.73	1223	966	-2506	None	None	None	None	-0.90057	-0.00116	0.00189	-0.43457
 2024-1-29 13:12:54.985	0.0054	0.0029	1.0029	0.0	0.0	0.0	0.319	-1.566	51.52	23.35	1223	966	-2506	None	None	None	None	-0.90057	-0.00116	0.00189	-0.43457
 2024-1-29 13:12:54.985	0.0054	0.0029	1.0029	0.0	0.0	0.0	0.319	-1.566	51.52	23.35	1223	966	-2506	None	None	None	None	-0.90057	-0.00116	0.00189	-0.43457
 2024-1-29 13:12:54.990	0.0063	-0.001	0.999	0.0	0.0	0.0	0.319	-1.566	51.52	23.67	1223	966	-2506	None	None	None	None	-0.90057	-0.00116	0.00189	-0.43457
 2024-1-29 13:12:54.990	0.0063	-0.001	0.999	0.0	0.0	0.0	0.319	-1.566	51.52	23.67	1223	966	-2506	None	None	None	None	-0.90057	-0.00116	0.00189	-0.43457
 2024-1-29 13:12:54.995	0.0044	0.001	0.9976	0.0	0.0	0.0	0.319	-1.566	51.52	23.67	1223	966	-2506	None	None	None	None	-0.90057	-0.00116	0.00189	-0.43457
 2024-1-29 13:12:54.995	0.0044	0.001	0.9976	0.0	0.0	0.0	0.319	-1.566	51.52	23.67	1223	966	-2506	None	None	None	None	-0.90057	-0.00116	0.00189	-0.43457
 2024-1-29 13:12:55.0	0.0039	0.001	0.9976	0.0	0.0	0.0	0.319	-1.566	51.52	23.67	1223	966	-2506	None	None	None	None	-0.90057	-0.00116	0.00189	-0.43457
 2024-1-29 13:12:55.0	0.0039	0.001	0.9976	0.0	0.0	0.0	0.319	-1.566	51.52	23.67	1223	966	-2506	None	None	None	None	-0.90057	-0.00116	0.00189	-0.43457
 2024-1-29 13:12:55.5	0.0044	-0.001	0.998	0.0	0.0	0.0	0.319	-1.566	51.52	23.73	1223	967	-2506	None	None	None	None	-0.90057	-0.00116	0.00189	-0.43457
 2024-1-29 13:12:55.5	0.0044	-0.001	0.998	0.0	0.0	0.0	0.319	-1.566	51.52	23.73	1223	967	-2506	None	None	None	None	-0.90057	-0.00116	0.00189	-0.43457
 2024-1-29 13:12:55.10	0.0034	0.001	1.0024	0.0	0.0	0.0	0.319	-1.566	51.52	23.42	1223	967	-2506	None	None	None	None	-0.90057	-0.00116	0.00189	-0.43457
 2024-1-29 13:12:55.10	0.0034	0.001	1.0024	0.0	0.0	0.0	0.319	-1.566	51.52	23.42	1223	967	-2506	None	None	None	None	-0.90057	-0.00116	0.00189	-0.43457
 2024-1-29 13:12:55.15	0.0044	-0.0005	1.0	0.0	0.0	0.0	0.319	-1.566	51.52	23.86	1223	966	-2506	None	None	None	None	-0.90057	-0.00116	0.00189	-0.43457
 2024-1-29 13:12:55.15	0.0044	-0.0005	1.0	0.0	0.0	0.0	0.319	-1.566	51.52	23.86	1223	966	-2506	None	None	None	None	-0.90057	-0.00116	0.00189	-0.43457
 2024-1-29 13:12:55.20	0.0088	0.001	1.0015	0.0	0.0	0.0	0.319	-1.566	51.52	23.86	1223	966	-2506	None	None	None	None	-0.90057	-0.00116	0.00189	-0.43457
 2024-1-29 13:12:55.20	0.0088	0.001	1.0015	0.0	0.0	0.0	0.319	-1.566	51.52	23.86	1223	966	-2506	None	None	None	None	-0.90057	-0.00116	0.00189	-0.43457
 2024-1-29 13:12:55.25	0.0039	0.001	0.9985	0.0	0.0	0.0	0.319	-1.566	51.52	23.67	1223	966	-2506	None	None	None	None	-0.90057	-0.00116	0.00189	-0.43457
 2024-1-29 13:12:55.25	0.0039	0.001	0.9985	0.0	0.0	0.0	0.319	-1.566	51.52	23.67	1223	966	-2506	None	None	None	None	-0.90057	-0.00116	0.00189	-0.43457
 2024-1-29 13:12:55.30	0.001	-0.0005	1.0	0.0	0.0	0.0	0.319	-1.566	51.52	23.54	1223	967	-2506	None	None	None	None	-0.90057	-0.00116	0.00189	-0.43457
 2024-1-29 13:12:55.30	0.001	-0.0005	1.0	0.0	0.0	0.0	0.319	-1.566	51.52	23.54	1223	967	-2506	None	None	None	None	-0.90057	-0.00116	0.00189	-0.43457
 2024-1-29 13:12:55.35	0.0039	-0.0029	1.0	0.0	0.0	0.0	0.319	-1.566	51.52	23.8	1223	966	-2506	None	None	None	None	-0.90057	-0.00116	0.00189	-0.43457
 2024-1-29 13:12:55.35	0.0039	-0.0029	1.0	0.0	0.0	0.0	0.319	-1.566	51.52	23.8	1223	966	-2506	None	None	None	None	-0.90057	-0.00116	0.00189	-0.43457
 2024-1-29 13:12:55.40	0.0039	-0.0005	1.0	0.0	0.0	0.0	0.319	-1.566	51.52	23.8	1223	966	-2507	None	None	None	None	-0.90057	-0.00116	0.00189	-0.43457
 2024-1-29 13:12:55.40	0.0039	-0.0005	1.0	0.0	0.0	0.0	0.319	-1.566	51.52	23.8	1223	966	-2507	None	None	None	None	-0.90057	-0.00116	0.00189	-0.43457
 2024-1-29 13:12:55.45	0.0049	0.0005	0.999	0.0	0.0	0.0	0.319	-1.566	51.52	23.61	1223	966	-2507	None	None	None	None	-0.90057	-0.00116	0.00189	-0.43457
 2024-1-29 13:12:55.45	0.0049	0.0005	0.999	0.0	0.0	0.0	0.319	-1.566	51.52	23.61	1223	966	-2507	None	None	None	None	-0.90057	-0.00116	0.00189	-0.43457
 2024-1-29 13:12:55.50	0.0049	0.0	1.0024	0.0	0.0	0.0	0.319	-1.566	51.52	23.67	1223	967	-2507	None	None	None	None	-0.90057	-0.00116	0.00189	-0.43457
 2024-1-29 13:12:55.50	0.0049	0.0	1.0024	0.0	0.0	0.0	0.319	-1.566	51.52	23.67	1223	967	-2507	None	None	None	None	-0.90057	-0.00116	0.00189	-0.43457
 2024-1-29 13:12:55.55	0.0049	0.002	1.001	0.0	0.0	0.0	0.319	-1.566	51.52	23.8	1223	967	-2507	None	None	None	None	-0.90057	-0.00116	0.00189	-0.43457
 2024-1-29 13:12:55.55	0.0049	0.002	1.001	0.0	0.0	0.0	0.319	-1.566	51.52	23.8	1223	967	-2507	None	None	None	None	-0.90057	-0.00116	0.00189	-0.43457
 2024-1-29 13:12:55.60	0.0039	0.001	0.9985	0.0	0.0	0.0	0.319	-1.566	51.52	23.61	1224	967	-2507	None	None	None	None	-0.90057	-0.00116	0.00189	-0.43457
 2024-1-29 13:12:55.60	0.0039	0.001	0.9985	0.0	0.0	0.0	0.319	-1.566	51.52	23.61	1224	967	-2507	None	None	None	None	-0.90057	-0.00116	0.00189	-0.43457
 2024-1-29 13:12:55.65	0.002	0.0005	1.0	0.0	0.0	0.0	0.319	-1.566	51.52	23.54	1223	967	-2507	None	None	None	None	-0.90057	-0.00116	0.00189	-0.43457
 2024-1-29 13:12:55.65	0.002	0.0005	1.0	0.0	0.0	0.0	0.319	-1.566	51.52	23.54	1223	967	-2507	None	None	None	None	-0.90057	-0.00116	0.00189	-0.43457
 2024-1-29 13:12:55.70	0.0034	-0.001	0.9995	0.0	0.0	0.0	0.319	-1.566	51.52	23.54	1223	966	-2507	None	None	None	None	-0.90057	-0.00116	0.00189	-0.43457
 2024-1-29 13:12:55.70	0.0034	-0.001	0.9995	0.0	0.0	0.0	0.319	-1.566	51.52	23.54	1223	966	-2507	None	None	None	None	-0.90057	-0.00116	0.00189	-0.43457
 2024-1-29 13:12:55.75	0.0054	0.0005	1.001	0.0	0.0	0.0	0.319	-1.566	51.52	23.73	1223	967	-2507	None	None	None	None	-0.90057	-0.00116	0.00189	-0.43457
 2024-1-29 13:12:55.75	0.0054	0.0005	1.001	0.0	0.0	0.0	0.319	-1.566	51.52	23.73	1223	967	-2507	None	None	None	None	-0.90057	-0.00116	0.00189	-0.43457
 2024-1-29 13:12:55.80	0.0059	0.0015	1.001	0.0	0.0	0.0	0.319	-1.566	51.52	23.67	1223	967	-2507	None	None	None	None	-0.90057	-0.00116	0.00189	-0.43457
 2024-1-29 13:12:55.80	0.0059	0.0015	1.001	0.0	0.0	0.0	0.319	-1.566	51.52	23.67	1223	967	-2507	None	None	None	None	-0.90057	-0.00116	0.00189	-0.43457
 2024-1-29 13:12:55.85	0.0059	0.0034	1.0	0.0	0.0	0.0	0.319	-1.566	51.52	23.67	1223	967	-2507	None	None	None	None	-0.90057	-0.00116	0.00189	-0.43457
 2024-1-29 13:12:55.85	0.0059	0.0034	1.0	0.0	0.0	0.0	0.319	-1.566	51.52	23.67	1223	967	-2507	None	None	None	None	-0.90057	-0.00116	0.00189	-0.43457
 2024-1-29 13:12:55.90	0.0054	0.0024	1.0015	0.0	0.0	0.0	0.319	-1.566	51.52	23.61	1223	967	-2507	None	None	None	None	-0.90057	-0.00116	0.00189	-0.43457
 2024-1-29 13:12:55.90	0.0054	0.0024	1.0015	0.0	0.0	0.0	0.319	-1.566	51.52	23.61	1223	967	-2507	None	None	None	None	-0.90057	-0.00116	0.00189	-0.43457
 2024-1-29 13:12:55.95	0.0054	0.002	0.9971	0.0	0.0	0.0	0.319	-1.566	51.52	23.73	1223	967	-2507	None	None	None	None	-0.90057	-0.00116	0.00189	-0.43457
 2024-1-29 13:12:55.95	0.0054	0.002	0.9971	0.0	0.0	0.0	0.319	-1.566	51.52	23.73	1223	967	-2507	None	None	None	None	-0.90057	-0.00116	0.00189	-0.43457
 2024-1-29 13:12:55.100	0.002	0.0	1.0	0.0	0.0	0.0	0.319	-1.566	51.52	23.73	1223	967	-2507	None	None	None	None	-0.90057	-0.00116	0.00189	-0.43457
 2024-1-29 13:12:55.100	0.002	0.0	1.0	0.0	0.0	0.0	0.319	-1.566	51.52	23.73	1223	967	-2507	None	None	None	None	-0.90057	-0.00116	0.00189	-0.43457
 2024-1-29 13:12:55.105	0.002	0.0015	0.9976	0.0	0.0	0.0	0.319	-1.566	51.52	23.67	1223	967	-2506	None	None	None	None	-0.90057	-0.00116	0.00189	-0.43457
 2024-1-29 13:12:55.105	0.002	0.0015	0.9976	0.0	0.0	0.0	0.319	-1.566	51.52	23.67	1223	967	-2506	None	None	None	None	-0.90057	-0.00116	0.00189	-0.43457
 2024-1-29 13:12:55.110	0.0073	0.001	1.001	0.0	0.0	0.0	0.319	-1.566	51.52	23.54	1223	967	-2506	None	None	None	None	-0.90057	-0.00116	0.00189	-0.43457
 2024-1-29 13:12:55.110	0.0073	0.001	1.001	0.0	0.0	0.0	0.319	-1.566	51.52	23.54	1223	967	-2506	None	None	None	None	-0.90057	-0.00116	0.00189	-0.43457
 2024-1-29 13:12:55.115	0.0073	0.002	1.0	0.0	0.0	0.0	0.319	-1.566	51.52	23.86	1222	967	-2506	None	None	None	None	-0.90057	-0.00116	0.00189	-0.43457
 2024-1-29 13:12:55.115	0.0073	0.002	1.0	0.0	0.0	0.0	0.319	-1.566	51.52	23.86	1222	967	-2506	None	None	None	None	-0.90057	-0.00116	0.00189	-0.43457
 2024-1-29 13:12:55.120	0.0063	0.002	1.0005	0.0	0.0	0.0	0.319	-1.566	51.52	23.67	1222	966	-2506	None	None	None	None	-0.90057	-0.00116	0.00189	-0.43457
 2024-1-29 13:12:55.120	0.0063	0.002	1.0005	0.0	0.0	0.0	0.319	-1.566	51.52	23.67	1222	966	-2506	None	None	None	None	-0.90057	-0.00116	0.00189	-0.43457
 2024-1-29 13:12:55.125	0.001	0.001	0.999	0.0	0.0	0.0	0.319	-1.566	51.52	23.54	1222	967	-2506	None	None	None	None	-0.90057	-0.00116	0.00189	-0.43457
 2024-1-29 13:12:55.125	0.001	0.001	0.999	0.0	0.0	0.0	0.319	-1.566	51.52	23.54	1222	967	-2506	None	None	None	None	-0.90057	-0.00116	0.00189	-0.43457
 2024-1-29 13:12:55.130	0.0039	0.0	0.998	0.0	0.0	0.0	0.319	-1.566	51.52	23.73	1222	967	-2506	None	None	None	None	-0.90057	-0.00116	0.00189	-0.43457
 2024-1-29 13:12:55.130	0.0039	0.0	0.998	0.0	0.0	0.0	0.319	-1.566	51.52	23.73	1222	967	-2506	None	None	None	None	-0.90057	-0.00116	0.00189	-0.43457
 2024-1-29 13:12:55.135	0.0029	-0.001	0.9971	0.0	0.0	0.0	0.319	-1.566	51.52	23.86	1223	967	-2506	None	None	None	None	-0.90057	-0.00116	0.00189	-0.43457
 2024-1-29 13:12:55.135	0.0029	-0.001	0.9971	0.0	0.0	0.0	0.319	-1.566	51.52	23.86	1223	967	-2506	None	None	None	None	-0.90057	-0.00116	0.00189	-0.43457
 2024-1-29 13:12:55.140	0.0034	0.0	0.999	0.0	0.0	0.0	0.319	-1.566	51.52	23.61	1223	967	-2506	None	None	None	None	-0.90057	-0.00116	0.00189	-0.43457
 2024-1-29 13:12:55.140	0.0034	0.0	0.999	0.0	0.0	0.0	0.319	-1.566	51.52	23.61	1223	967	-2506	None	None	None	None	-0.90057	-0.00116	0.00189	-0.43457
 2024-1-29 13:12:55.145	0.0024	0.0	0.9985	0.0	0.0	0.0	0.319	-1.566	51.52	23.73	1223	967	-2506	None	None	None	None	-0.90057	-0.00116	0.00189	-0.43457
 2024-1-29 13:12:55.145	0.0024	0.0	0.9985	0.0	0.0	0.0	0.319	-1.566	51.52	23.73	1223	967	-2506	None	None	None	None	-0.90057	-0.00116	0.00189	-0.43457
 2024-1-29 13:12:55.150	0.0039	0.001	1.0015	0.0	0.0	0.0	0.319	-1.566	51.52	23.73	1223	967	-2506	None	None	None	None	-0.90057	-0.00116	0.00189	-0.43457
 2024-1-29 13:12:55.150	0.0039	0.001	1.0015	0.0	0.0	0.0	0.319	-1.566	51.52	23.73	1223	967	-2506	None	None	None	None	-0.90057	-0.00116	0.00189	-0.43457
 2024-1-29 13:12:55.155	0.0054	0.001	1.0015	0.0	0.0	0.0	0.319	-1.566	51.52	23.67	1223	967	-2506	None	None	None	None	-0.90057	-0.00116	0.00189	-0.43457
 2024-1-29 13:12:55.155	0.0054	0.001	1.0015	0.0	0.0	0.0	0.319	-1.566	51.52	23.67	1223	967	-2506	None	None	None	None	-0.90057	-0.00116	0.00189	-0.43457
 2024-1-29 13:12:55.160	0.0054	0.0015	0.9985	0.0	0.0	0.0	0.319	-1.566	51.52	23.67	1223	967	-2506	None	None	None	None	-0.90057	-0.00116	0.00189	-0.43457
 2024-1-29 13:12:55.160	0.0054	0.0015	0.9985	0.0	0.0	0.0	0.319	-1.566	51.52	23.67	1223	967	-2506	None	None	None	None	-0.90057	-0.00116	0.00189	-0.43457
 2024-1-29 13:12:55.165	0.0034	0.0	0.9995	0.0	0.0	0.0	0.319	-1.566	51.52	23.8	1223	967	-2506	None	None	None	None	-0.90057	-0.00116	0.00189	-0.43457
 2024-1-29 13:12:55.165	0.0034	0.0	0.9995	0.0	0.0	0.0	0.319	-1.566	51.52	23.8	1223	967	-2506	None	None	None	None	-0.90057	-0.00116	0.00189	-0.43457
 2024-1-29 13:12:55.170	0.0044	0.0	1.0024	0.0	0.0	0.0	0.319	-1.566	51.52	23.42	1222	966	-2506	None	None	None	None	-0.90057	-0.00116	0.00189	-0.43457
 2024-1-29 13:12:55.170	0.0044	0.0	1.0024	0.0	0.0	0.0	0.319	-1.566	51.52	23.42	1222	966	-2506	None	None	None	None	-0.90057	-0.00116	0.00189	-0.43457
 2024-1-29 13:12:55.175	0.0029	0.001	0.9995	0.0	0.0	0.0	0.319	-1.566	51.52	23.86	1222	967	-2506	None	None	None	None	-0.90057	-0.00116	0.00189	-0.43457
 2024-1-29 13:12:55.175	0.0029	0.001	0.9995	0.0	0.0	0.0	0.319	-1.566	51.52	23.86	1222	967	-2506	None	None	None	None	-0.90057	-0.00116	0.00189	-0.43457
 2024-1-29 13:12:55.180	0.0044	0.0015	0.999	0.0	0.0	0.0	0.319	-1.566	51.52	23.54	1223	967	-2506	None	None	None	None	-0.90057	-0.00116	0.00189	-0.43457
 2024-1-29 13:12:55.180	0.0044	0.0015	0.999	0.0	0.0	0.0	0.319	-1.566	51.52	23.54	1223	967	-2506	None	None	None	None	-0.90057	-0.00116	0.00189	-0.43457
 2024-1-29 13:12:55.185	0.0063	0.002	0.9995	0.0	0.0	0.0	0.319	-1.566	51.52	23.61	1223	967	-2506	None	None	None	None	-0.90057	-0.00116	0.00189	-0.43457
 2024-1-29 13:12:55.185	0.0063	0.002	0.9995	0.0	0.0	0.0	0.319	-1.566	51.52	23.61	1223	967	-2506	None	None	None	None	-0.90057	-0.00116	0.00189	-0.43457
 2024-1-29 13:12:55.190	0.0073	0.0024	0.999	0.0	0.0	0.0	0.319	-1.566	51.52	23.92	1223	967	-2507	None	None	None	None	-0.90057	-0.00116	0.00189	-0.43457
 2024-1-29 13:12:55.190	0.0073	0.0024	0.999	0.0	0.0	0.0	0.319	-1.566	51.52	23.92	1223	967	-2507	None	None	None	None	-0.90057	-0.00116	0.00189	-0.43457
 2024-1-29 13:12:55.195	0.0073	0.0015	1.0005	0.0	0.0	0.0	0.319	-1.566	51.52	23.67	1222	967	-2507	None	None	None	None	-0.90057	-0.00116	0.00189	-0.43457
 2024-1-29 13:12:55.195	0.0073	0.0015	1.0005	0.0	0.0	0.0	0.319	-1.566	51.52	23.67	1222	967	-2507	None	None	None	None	-0.90057	-0.00116	0.00189	-0.43457
 2024-1-29 13:12:55.200	0.0034	0.001	0.9976	0.0	0.0	0.0	0.319	-1.566	51.52	23.67	1222	967	-2507	None	None	None	None	-0.90057	-0.00116	0.00189	-0.43457
 2024-1-29 13:12:55.200	0.0034	0.001	0.9976	0.0	0.0	0.0	0.319	-1.566	51.52	23.67	1222	967	-2507	None	None	None	None	-0.90057	-0.00116	0.00189	-0.43457
 2024-1-29 13:12:55.205	0.0039	-0.001	0.9985	0.0	0.0	0.0	0.319	-1.566	51.52	23.67	1222	967	-2507	None	None	None	None	-0.90057	-0.00116	0.00189	-0.43457
 2024-1-29 13:12:55.205	0.0039	-0.001	0.9985	0.0	0.0	0.0	0.319	-1.566	51.52	23.67	1222	967	-2507	None	None	None	None	-0.90057	-0.00116	0.00189	-0.43457
 2024-1-29 13:12:55.210	0.0049	0.0	0.9985	0.0	0.0	0.0	0.319	-1.566	51.52	23.73	1223	967	-2507	None	None	None	None	-0.90057	-0.00116	0.00189	-0.43457
 2024-1-29 13:12:55.210	0.0049	0.0	0.9985	0.0	0.0	0.0	0.319	-1.566	51.52	23.73	1223	967	-2507	None	None	None	None	-0.90057	-0.00116	0.00189	-0.43457
 2024-1-29 13:12:55.215	0.0049	0.0	0.9995	0.0	0.0	0.0	0.319	-1.566	51.52	23.73	1222	967	-2507	None	None	None	None	-0.90057	-0.00116	0.00189	-0.43457
 2024-1-29 13:12:55.215	0.0049	0.0	0.9995	0.0	0.0	0.0	0.319	-1.566	51.52	23.73	1222	967	-2507	None	None	None	None	-0.90057	-0.00116	0.00189	-0.43457
 2024-1-29 13:12:55.220	0.0068	-0.0005	0.9985	0.0	0.0	0.0	0.319	-1.566	51.52	23.86	1222	966	-2507	None	None	None	None	-0.90057	-0.00116	0.00189	-0.43457
 2024-1-29 13:12:55.220	0.0068	-0.0005	0.9985	0.0	0.0	0.0	0.319	-1.566	51.52	23.86	1222	966	-2507	None	None	None	None	-0.90057	-0.00116	0.00189	-0.43457
 2024-1-29 13:12:55.225	0.0044	0.0024	1.001	0.0	0.0	0.0	0.319	-1.566	51.52	23.8	1222	967	-2506	None	None	None	None	-0.90057	-0.00116	0.00189	-0.43457
 2024-1-29 13:12:55.225	0.0044	0.0024	1.001	0.0	0.0	0.0	0.319	-1.566	51.52	23.8	1222	967	-2506	None	None	None	None	-0.90057	-0.00116	0.00189	-0.43457
 2024-1-29 13:12:55.230	0.0024	0.0005	0.9961	0.0	0.0	0.0	0.319	-1.566	51.52	23.73	1222	967	-2506	None	None	None	None	-0.90057	-0.00116	0.00189	-0.43457
 2024-1-29 13:12:55.230	0.0024	0.0005	0.9961	0.0	0.0	0.0	0.319	-1.566	51.52	23.73	1222	967	-2506	None	None	None	None	-0.90057	-0.00116	0.00189	-0.43457
 2024-1-29 13:12:55.235	0.0039	-0.001	0.9976	0.0	0.0	0.0	0.324	-1.566	51.52	23.67	1223	967	-2506	None	None	None	None	-0.90057	-0.00116	0.00189	-0.43457
 2024-1-29 13:12:55.235	0.0039	-0.001	0.9976	0.0	0.0	0.0	0.324	-1.566	51.52	23.67	1223	967	-2506	None	None	None	None	-0.90057	-0.00116	0.00189	-0.43457
 2024-1-29 13:12:55.240	0.0044	-0.001	0.9995	0.0	0.0	0.0	0.324	-1.566	51.52	23.86	1223	967	-2506	None	None	None	None	-0.90057	-0.00116	0.00189	-0.43457
 2024-1-29 13:12:55.240	0.0044	-0.001	0.9995	0.0	0.0	0.0	0.324	-1.566	51.52	23.86	1223	967	-2506	None	None	None	None	-0.90057	-0.00116	0.00189	-0.43457
 2024-1-29 13:12:55.245	0.0049	0.0005	0.9976	0.0	0.0	0.0	0.324	-1.566	51.52	23.61	1223	967	-2506	None	None	None	None	-0.90057	-0.00116	0.00189	-0.43457
 2024-1-29 13:12:55.245	0.0049	0.0005	0.9976	0.0	0.0	0.0	0.324	-1.566	51.52	23.61	1223	967	-2506	None	None	None	None	-0.90057	-0.00116	0.00189	-0.43457
 2024-1-29 13:12:55.250	0.0049	0.0024	1.0005	0.0	0.0	0.0	0.324	-1.566	51.52	23.8	1223	967	-2506	None	None	None	None	-0.90057	-0.00116	0.00189	-0.43457
 2024-1-29 13:12:55.250	0.0049	0.0024	1.0005	0.0	0.0	0.0	0.324	-1.566	51.52	23.8	1223	967	-2506	None	None	None	None	-0.90057	-0.00116	0.00189	-0.43457
 2024-1-29 13:12:55.255	0.0049	0.0	1.0005	0.0	0.0	0.0	0.324	-1.566	51.52	23.73	1223	967	-2506	None	None	None	None	-0.90057	-0.00116	0.00189	-0.43457
 2024-1-29 13:12:55.255	0.0049	0.0	1.0005	0.0	0.0	0.0	0.324	-1.566	51.52	23.73	1223	967	-2506	None	None	None	None	-0.90057	-0.00116	0.00189	-0.43457
 2024-1-29 13:12:55.260	0.0063	0.002	0.9976	0.0	0.0	0.0	0.324	-1.566	51.52	23.67	1223	967	-2505	None	None	None	None	-0.90057	-0.00116	0.00189	-0.43457
 2024-1-29 13:12:55.260	0.0063	0.002	0.9976	0.0	0.0	0.0	0.324	-1.566	51.52	23.67	1223	967	-2505	None	None	None	None	-0.90057	-0.00116	0.00189	-0.43457
 2024-1-29 13:12:55.265	0.0039	0.0024	0.998	0.0	0.0	0.0	0.324	-1.566	51.52	23.73	1223	967	-2506	None	None	None	None	-0.90057	-0.00116	0.00189	-0.43457
 2024-1-29 13:12:55.265	0.0039	0.0024	0.998	0.0	0.0	0.0	0.324	-1.566	51.52	23.73	1223	967	-2506	None	None	None	None	-0.90057	-0.00116	0.00189	-0.43457
 2024-1-29 13:12:55.270	0.0024	0.001	0.9985	0.0	0.0	0.0	0.324	-1.566	51.52	23.73	1222	967	-2506	None	None	None	None	-0.90057	-0.00116	0.00189	-0.43457
 2024-1-29 13:12:55.270	0.0024	0.001	0.9985	0.0	0.0	0.0	0.324	-1.566	51.52	23.73	1222	967	-2506	None	None	None	None	-0.90057	-0.00116	0.00189	-0.43457
 2024-1-29 13:12:55.275	0.0024	-0.0015	0.9985	0.0	0.0	0.0	0.324	-1.566	51.52	23.61	1222	967	-2506	None	None	None	None	-0.90057	-0.00116	0.00189	-0.43457
 2024-1-29 13:12:55.275	0.0024	-0.0015	0.9985	0.0	0.0	0.0	0.324	-1.566	51.52	23.61	1222	967	-2506	None	None	None	None	-0.90057	-0.00116	0.00189	-0.43457
 2024-1-29 13:12:55.280	0.0063	0.0024	1.0029	0.0	0.0	0.0	0.324	-1.566	51.52	23.54	1223	967	-2505	None	None	None	None	-0.90057	-0.00116	0.00189	-0.43457
 2024-1-29 13:12:55.280	0.0063	0.0024	1.0029	0.0	0.0	0.0	0.324	-1.566	51.52	23.54	1223	967	-2505	None	None	None	None	-0.90057	-0.00116	0.00189	-0.43457
 2024-1-29 13:12:55.285	0.0039	0.0024	1.001	0.0	0.0	0.0	0.324	-1.566	51.52	23.42	1223	967	-2506	None	None	None	None	-0.90057	-0.00116	0.00189	-0.43457
 2024-1-29 13:12:55.285	0.0039	0.0024	1.001	0.0	0.0	0.0	0.324	-1.566	51.52	23.42	1223	967	-2506	None	None	None	None	-0.90057	-0.00119	0.00189	-0.43457
 2024-1-29 13:12:55.290	0.0054	0.0024	0.999	0.0	0.0	0.0	0.324	-1.566	51.52	23.67	1223	966	-2506	None	None	None	None	-0.90057	-0.00119	0.00189	-0.43457
 2024-1-29 13:12:55.290	0.0054	0.0024	0.999	0.0	0.0	0.0	0.324	-1.566	51.52	23.67	1223	966	-2506	None	None	None	None	-0.90057	-0.00119	0.00189	-0.43457
 2024-1-29 13:12:55.295	0.0039	0.0	0.999	0.0	0.0	0.0	0.324	-1.566	51.52	23.8	1223	967	-2506	None	None	None	None	-0.90057	-0.00119	0.00189	-0.43457
 2024-1-29 13:12:55.295	0.0039	0.0	0.999	0.0	0.0	0.0	0.324	-1.566	51.52	23.8	1223	967	-2506	None	None	None	None	-0.90057	-0.00119	0.00189	-0.43457
 2024-1-29 13:12:55.300	0.0029	0.0005	0.9995	0.0	0.0	0.0	0.324	-1.566	51.52	23.67	1223	967	-2506	None	None	None	None	-0.90057	-0.00119	0.00189	-0.43457
 2024-1-29 13:12:55.300	0.0029	0.0005	0.9995	0.0	0.0	0.0	0.324	-1.566	51.52	23.67	1223	967	-2506	None	None	None	None	-0.90057	-0.00119	0.00189	-0.43457
 2024-1-29 13:12:55.305	0.0049	-0.001	0.9995	0.0	0.0	0.0	0.324	-1.566	51.52	23.92	1223	967	-2507	None	None	None	None	-0.90057	-0.00119	0.00189	-0.43457
 2024-1-29 13:12:55.305	0.0049	-0.001	0.9995	0.0	0.0	0.0	0.324	-1.566	51.52	23.92	1223	967	-2507	None	None	None	None	-0.90057	-0.00119	0.00189	-0.43457
 2024-1-29 13:12:55.310	0.0039	-0.001	0.998	0.0	0.0	0.0	0.324	-1.566	51.52	23.67	1223	967	-2507	None	None	None	None	-0.90057	-0.00119	0.00189	-0.43457
 2024-1-29 13:12:55.310	0.0039	-0.001	0.998	0.0	0.0	0.0	0.324	-1.566	51.52	23.67	1223	967	-2507	None	None	None	None	-0.90057	-0.00119	0.00189	-0.43457
 2024-1-29 13:12:55.315	0.0034	0.0005	1.0005	0.0	0.0	0.0	0.324	-1.566	51.52	23.54	1222	967	-2507	None	None	None	None	-0.90057	-0.00119	0.00189	-0.43457
 2024-1-29 13:12:55.315	0.0034	0.0005	1.0005	0.0	0.0	0.0	0.324	-1.566	51.52	23.54	1222	967	-2507	None	None	None	None	-0.90057	-0.00119	0.00189	-0.43457
 2024-1-29 13:12:55.320	0.0078	0.0005	1.0005	0.0	0.0	0.0	0.324	-1.566	51.52	23.67	1222	966	-2506	None	None	None	None	-0.90057	-0.00119	0.00189	-0.43457
 2024-1-29 13:12:55.320	0.0078	0.0005	1.0005	0.0	0.0	0.0	0.324	-1.566	51.52	23.67	1222	966	-2506	None	None	None	None	-0.90057	-0.00119	0.00189	-0.43457
 2024-1-29 13:12:55.325	0.0059	0.001	1.0005	0.0	0.0	0.0	0.324	-1.566	51.52	23.73	1222	967	-2506	None	None	None	None	-0.90057	-0.00119	0.00189	-0.43457
 2024-1-29 13:12:55.325	0.0059	0.001	1.0005	0.0	0.0	0.0	0.324	-1.566	51.52	23.73	1222	967	-2506	None	None	None	None	-0.90057	-0.00119	0.00189	-0.43457
 2024-1-29 13:12:55.330	0.0054	0.0	0.9995	0.0	0.0	0.0	0.324	-1.566	51.52	23.73	1222	967	-2506	None	None	None	None	-0.90057	-0.00119	0.00189	-0.43457
 2024-1-29 13:12:55.330	0.0054	0.0	0.9995	0.0	0.0	0.0	0.324	-1.566	51.52	23.73	1222	967	-2506	None	None	None	None	-0.90057	-0.00119	0.00189	-0.43457
 2024-1-29 13:12:55.335	0.0029	0.0005	0.998	0.0	0.0	0.0	0.324	-1.566	51.52	23.73	1223	966	-2506	None	None	None	None	-0.90057	-0.00119	0.00189	-0.43457
 2024-1-29 13:12:55.335	0.0029	0.0005	0.998	0.0	0.0	0.0	0.324	-1.566	51.52	23.73	1223	966	-2506	None	None	None	None	-0.90057	-0.00119	0.00189	-0.43457
 2024-1-29 13:12:55.340	0.0029	0.001	1.001	0.0	0.0	0.0	0.324	-1.566	51.52	23.61	1223	966	-2506	None	None	None	None	-0.90057	-0.00119	0.00189	-0.43457
 2024-1-29 13:12:55.340	0.0029	0.001	1.001	0.0	0.0	0.0	0.324	-1.566	51.52	23.61	1223	966	-2506	None	None	None	None	-0.90057	-0.00119	0.00189	-0.43457
 2024-1-29 13:12:55.345	0.002	0.0	0.9985	0.0	0.0	0.0	0.324	-1.566	51.52	23.67	1223	966	-2506	None	None	None	None	-0.90057	-0.00119	0.00189	-0.43457
 2024-1-29 13:12:55.345	0.002	0.0	0.9985	0.0	0.0	0.0	0.324	-1.566	51.52	23.67	1223	966	-2506	None	None	None	None	-0.90057	-0.00119	0.00189	-0.43457
 2024-1-29 13:12:55.350	0.0054	0.0	1.001	0.0	0.0	0.0	0.324	-1.566	51.52	23.54	1222	966	-2506	None	None	None	None	-0.90057	-0.00119	0.00189	-0.43457
 2024-1-29 13:12:55.350	0.0054	0.0	1.001	0.0	0.0	0.0	0.324	-1.566	51.52	23.54	1222	966	-2506	None	None	None	None	-0.90057	-0.00119	0.00189	-0.43457
 2024-1-29 13:12:55.355	0.0078	0.0005	1.0	0.0	0.0	0.0	0.324	-1.566	51.52	23.73	1223	967	-2506	None	None	None	None	-0.90057	-0.00119	0.00189	-0.43457
 2024-1-29 13:12:55.355	0.0078	0.0005	1.0	0.0	0.0	0.0	0.324	-1.566	51.52	23.73	1223	967	-2506	None	None	None	None	-0.90057	-0.00119	0.00189	-0.43457
 2024-1-29 13:12:55.360	0.0049	0.0	0.9976	0.0	0.0	0.0	0.324	-1.566	51.52	23.67	1223	967	-2506	None	None	None	None	-0.90057	-0.00119	0.00189	-0.43457
 2024-1-29 13:12:55.360	0.0049	0.0	0.9976	0.0	0.0	0.0	0.324	-1.566	51.52	23.67	1223	967	-2506	None	None	None	None	-0.90057	-0.00119	0.00189	-0.43457
 2024-1-29 13:12:55.365	0.0039	0.002	0.9976	0.0	0.0	0.0	0.324	-1.566	51.52	23.67	1223	967	-2506	None	None	None	None	-0.90057	-0.00119	0.00189	-0.43457
 2024-1-29 13:12:55.365	0.0039	0.002	0.9976	0.0	0.0	0.0	0.324	-1.566	51.52	23.67	1223	967	-2506	None	None	None	None	-0.90057	-0.00119	0.00189	-0.43457
 2024-1-29 13:12:55.370	0.0	0.0005	0.9976	0.0	0.0	0.0	0.324	-1.566	51.52	23.67	1222	967	-2506	None	None	None	None	-0.90057	-0.00119	0.00189	-0.43457
 2024-1-29 13:12:55.370	0.0	0.0005	0.9976	0.0	0.0	0.0	0.324	-1.566	51.52	23.67	1222	967	-2506	None	None	None	None	-0.90057	-0.00119	0.00189	-0.43457
 2024-1-29 13:12:55.375	0.001	-0.001	0.9976	0.0	0.0	0.0	0.324	-1.566	51.52	23.67	1223	967	-2506	None	None	None	None	-0.90057	-0.00119	0.00189	-0.43457
 2024-1-29 13:12:55.375	0.001	-0.001	0.9976	0.0	0.0	0.0	0.324	-1.566	51.52	23.67	1223	967	-2506	None	None	None	None	-0.90057	-0.00119	0.00189	-0.43457
 2024-1-29 13:12:55.380	0.0054	0.0	1.0	0.0	0.0	0.0	0.324	-1.566	51.52	23.54	1223	967	-2506	None	None	None	None	-0.90057	-0.00119	0.00189	-0.43457
 2024-1-29 13:12:55.380	0.0054	0.0	1.0	0.0	0.0	0.0	0.324	-1.566	51.52	23.54	1223	967	-2506	None	None	None	None	-0.90057	-0.00119	0.00189	-0.43457
 2024-1-29 13:12:55.385	0.0063	0.0	1.0049	0.0	0.0	0.0	0.324	-1.566	51.52	23.67	1223	967	-2506	None	None	None	None	-0.90057	-0.00119	0.00189	-0.43457
 2024-1-29 13:12:55.385	0.0063	0.0	1.0049	0.0	0.0	0.0	0.324	-1.566	51.52	23.67	1223	967	-2506	None	None	None	None	-0.90057	-0.00119	0.00189	-0.43457
 2024-1-29 13:12:55.390	0.0029	0.001	1.0005	0.0	0.0	0.0	0.324	-1.566	51.52	23.67	1223	967	-2506	None	None	None	None	-0.90057	-0.00119	0.00189	-0.43457
 2024-1-29 13:12:55.390	0.0029	0.001	1.0005	0.0	0.0	0.0	0.324	-1.566	51.52	23.67	1223	967	-2506	None	None	None	None	-0.90057	-0.00119	0.00189	-0.43457
 2024-1-29 13:12:55.395	0.0039	0.002	0.9995	0.0	0.0	0.0	0.324	-1.566	51.52	23.8	1223	967	-2506	None	None	None	None	-0.90057	-0.00119	0.00189	-0.43457
 2024-1-29 13:12:55.395	0.0039	0.002	0.9995	0.0	0.0	0.0	0.324	-1.566	51.52	23.8	1223	967	-2506	None	None	None	None	-0.90057	-0.00119	0.00189	-0.43457
 2024-1-29 13:12:55.400	0.0044	0.0	0.9976	0.0	0.0	0.0	0.324	-1.566	51.52	23.67	1223	967	-2506	None	None	None	None	-0.90057	-0.00119	0.00189	-0.43457
 2024-1-29 13:12:55.400	0.0044	0.0	0.9976	0.0	0.0	0.0	0.324	-1.566	51.52	23.67	1223	967	-2506	None	None	None	None	-0.90057	-0.00119	0.00189	-0.43457
 2024-1-29 13:12:55.405	0.0039	-0.001	1.0	0.0	0.0	0.0	0.324	-1.566	51.52	23.73	1223	967	-2506	None	None	None	None	-0.90057	-0.00119	0.00189	-0.43457
 2024-1-29 13:12:55.405	0.0039	-0.001	1.0	0.0	0.0	0.0	0.324	-1.566	51.52	23.73	1223	967	-2506	None	None	None	None	-0.90057	-0.00119	0.00189	-0.43457
 2024-1-29 13:12:55.410	0.0029	-0.0005	1.0005	0.0	0.0	0.0	0.324	-1.566	51.52	23.8	1223	967	-2506	None	None	None	None	-0.90057	-0.00119	0.00189	-0.43457
 2024-1-29 13:12:55.410	0.0029	-0.0005	1.0005	0.0	0.0	0.0	0.324	-1.566	51.52	23.8	1223	967	-2506	None	None	None	None	-0.90057	-0.00119	0.00189	-0.43457
 2024-1-29 13:12:55.415	0.0034	0.001	0.9995	0.0	0.0	0.0	0.324	-1.566	51.52	23.73	1222	967	-2506	None	None	None	None	-0.90057	-0.00119	0.00189	-0.43457
 2024-1-29 13:12:55.415	0.0034	0.001	0.9995	0.0	0.0	0.0	0.324	-1.566	51.52	23.73	1222	967	-2506	None	None	None	None	-0.90057	-0.00119	0.00189	-0.43457
 2024-1-29 13:12:55.420	0.0059	0.0029	1.002	0.0	0.0	0.0	0.324	-1.566	51.52	23.73	1222	966	-2506	None	None	None	None	-0.90057	-0.00119	0.00189	-0.43457
 2024-1-29 13:12:55.420	0.0059	0.0029	1.002	0.0	0.0	0.0	0.324	-1.566	51.52	23.73	1222	966	-2506	None	None	None	None	-0.90057	-0.00119	0.00189	-0.43457
 2024-1-29 13:12:55.425	0.0073	0.0005	1.0	0.0	0.0	0.0	0.324	-1.566	51.52	23.73	1222	967	-2506	None	None	None	None	-0.90057	-0.00119	0.00189	-0.43457
 2024-1-29 13:12:55.425	0.0073	0.0005	1.0	0.0	0.0	0.0	0.324	-1.566	51.52	23.73	1222	967	-2506	None	None	None	None	-0.90057	-0.00119	0.00189	-0.43457
 2024-1-29 13:12:55.430	0.0073	0.0005	0.9985	0.0	0.0	0.0	0.324	-1.566	51.52	23.54	1222	967	-2506	None	None	None	None	-0.90057	-0.00119	0.00189	-0.43457
 2024-1-29 13:12:55.430	0.0073	0.0005	0.9985	0.0	0.0	0.0	0.324	-1.566	51.52	23.54	1222	967	-2506	None	None	None	None	-0.90057	-0.00119	0.00189	-0.43457
 2024-1-29 13:12:55.435	0.0054	0.0015	1.0	0.0	0.0	0.0	0.324	-1.566	51.52	23.54	1222	967	-2506	None	None	None	None	-0.90057	-0.00119	0.00189	-0.43457
 2024-1-29 13:12:55.435	0.0054	0.0015	1.0	0.0	0.0	0.0	0.324	-1.566	51.52	23.54	1222	967	-2506	None	None	None	None	-0.90057	-0.00119	0.00189	-0.43457
 2024-1-29 13:12:55.440	0.0029	0.0	1.001	0.0	0.0	0.0	0.324	-1.566	51.52	23.73	1222	967	-2506	None	None	None	None	-0.90057	-0.00119	0.00189	-0.43457
 2024-1-29 13:12:55.440	0.0029	0.0	1.001	0.0	0.0	0.0	0.324	-1.566	51.52	23.73	1222	967	-2506	None	None	None	None	-0.90057	-0.00119	0.00189	-0.43457
 2024-1-29 13:12:55.445	0.0029	0.0005	1.0015	0.0	0.0	0.0	0.324	-1.566	51.52	23.73	1222	967	-2506	None	None	None	None	-0.90057	-0.00119	0.00189	-0.43457
 2024-1-29 13:12:55.445	0.0029	0.0005	1.0015	0.0	0.0	0.0	0.324	-1.566	51.52	23.73	1222	967	-2506	None	None	None	None	-0.90057	-0.00119	0.00189	-0.43457
 2024-1-29 13:12:55.450	0.0049	0.001	1.0005	0.0	0.0	0.0	0.324	-1.566	51.52	23.8	1222	967	-2506	None	None	None	None	-0.90057	-0.00119	0.00189	-0.43457
 2024-1-29 13:12:55.450	0.0049	0.001	1.0005	0.0	0.0	0.0	0.324	-1.566	51.52	23.8	1222	967	-2506	None	None	None	None	-0.90057	-0.00119	0.00189	-0.43457
 2024-1-29 13:12:55.455	0.0059	-0.0005	0.9985	0.0	0.0	0.0	0.324	-1.566	51.52	23.8	1223	967	-2506	None	None	None	None	-0.90057	-0.00119	0.00189	-0.43457
 2024-1-29 13:12:55.455	0.0059	-0.0005	0.9985	0.0	0.0	0.0	0.324	-1.566	51.52	23.8	1223	967	-2506	None	None	None	None	-0.90057	-0.00119	0.00189	-0.43457
 2024-1-29 13:12:55.460	0.0073	0.0	1.002	0.0	0.0	0.0	0.324	-1.566	51.52	23.54	1223	967	-2506	None	None	None	None	-0.90057	-0.00119	0.00189	-0.43457
 2024-1-29 13:12:55.460	0.0073	0.0	1.002	0.0	0.0	0.0	0.324	-1.566	51.52	23.54	1223	967	-2506	None	None	None	None	-0.90057	-0.00119	0.00189	-0.43457
 2024-1-29 13:12:55.465	0.0063	0.0015	0.999	0.0	0.0	0.0	0.324	-1.566	51.52	23.73	1222	967	-2507	None	None	None	None	-0.90057	-0.00119	0.00189	-0.43457
 2024-1-29 13:12:55.465	0.0063	0.0015	0.999	0.0	0.0	0.0	0.324	-1.566	51.52	23.73	1222	967	-2507	None	None	None	None	-0.90057	-0.00119	0.00189	-0.43457
 2024-1-29 13:12:55.470	0.0039	0.001	0.998	0.0	0.0	0.0	0.324	-1.566	51.52	23.67	1222	966	-2507	None	None	None	None	-0.90057	-0.00119	0.00189	-0.43457
 2024-1-29 13:12:55.470	0.0039	0.001	0.998	0.0	0.0	0.0	0.324	-1.566	51.52	23.67	1222	966	-2507	None	None	None	None	-0.90057	-0.00119	0.00189	-0.43457
 2024-1-29 13:12:55.475	0.0034	-0.0015	0.9985	0.0	0.0	0.0	0.324	-1.566	51.52	23.67	1222	966	-2507	None	None	None	None	-0.90057	-0.00119	0.00189	-0.43457
 2024-1-29 13:12:55.475	0.0034	-0.0015	0.9985	0.0	0.0	0.0	0.324	-1.566	51.52	23.67	1222	966	-2507	None	None	None	None	-0.90057	-0.00119	0.00189	-0.43457
 2024-1-29 13:12:55.480	0.0034	-0.0024	1.0005	0.0	0.0	0.0	0.324	-1.566	51.52	23.67	1222	967	-2506	None	None	None	None	-0.90057	-0.00119	0.00189	-0.43457
 2024-1-29 13:12:55.480	0.0034	-0.0024	1.0005	0.0	0.0	0.0	0.324	-1.566	51.52	23.67	1222	967	-2506	None	None	None	None	-0.90057	-0.00119	0.00189	-0.43457
 2024-1-29 13:12:55.485	0.0029	0.0005	0.999	0.0	0.0	0.0	0.324	-1.566	51.52	23.73	1222	966	-2507	None	None	None	None	-0.90057	-0.00119	0.00189	-0.43457
 2024-1-29 13:12:55.485	0.0029	0.0005	0.999	0.0	0.0	0.0	0.324	-1.566	51.52	23.73	1222	966	-2507	None	None	None	None	-0.90057	-0.00119	0.00189	-0.43457
 2024-1-29 13:12:55.490	0.0073	-0.001	1.0015	0.0	0.0	0.0	0.324	-1.566	51.52	23.61	1222	966	-2507	None	None	None	None	-0.90057	-0.00119	0.00189	-0.43457
 2024-1-29 13:12:55.490	0.0073	-0.001	1.0015	0.0	0.0	0.0	0.324	-1.566	51.52	23.61	1222	966	-2507	None	None	None	None	-0.90057	-0.00119	0.00189	-0.43457
 2024-1-29 13:12:55.495	0.0049	0.0029	1.002	0.0	0.0	0.0	0.324	-1.566	51.52	23.61	1222	966	-2507	None	None	None	None	-0.90057	-0.00119	0.00189	-0.43457
 2024-1-29 13:12:55.495	0.0049	0.0029	1.002	0.0	0.0	0.0	0.324	-1.566	51.52	23.61	1222	966	-2507	None	None	None	None	-0.90057	-0.00119	0.00189	-0.43457
 2024-1-29 13:12:55.500	0.0034	0.001	0.9966	0.0	0.0	0.0	0.324	-1.566	51.52	23.8	1223	966	-2506	None	None	None	None	-0.90057	-0.00119	0.00189	-0.43457
 2024-1-29 13:12:55.500	0.0034	0.001	0.9966	0.0	0.0	0.0	0.324	-1.566	51.52	23.8	1223	966	-2506	None	None	None	None	-0.90057	-0.00119	0.00189	-0.43457
 2024-1-29 13:12:55.505	0.0	0.0024	0.9976	0.0	0.0	0.0	0.324	-1.566	51.52	23.86	1223	967	-2506	None	None	None	None	-0.90057	-0.00119	0.00189	-0.43457
 2024-1-29 13:12:55.505	0.0	0.0024	0.9976	0.0	0.0	0.0	0.324	-1.566	51.52	23.86	1223	967	-2506	None	None	None	None	-0.90057	-0.00119	0.00189	-0.43457
 2024-1-29 13:12:55.510	0.0063	0.0	0.9995	0.0	0.0	0.0	0.324	-1.566	51.52	23.67	1223	967	-2506	None	None	None	None	-0.90057	-0.00119	0.00189	-0.43457
 2024-1-29 13:12:55.510	0.0063	0.0	0.9995	0.0	0.0	0.0	0.324	-1.566	51.52	23.67	1223	967	-2506	None	None	None	None	-0.90057	-0.00119	0.00189	-0.43457
 2024-1-29 13:12:55.515	0.0044	0.002	0.9995	0.0	0.0	0.0	0.324	-1.566	51.52	23.54	1222	966	-2506	None	None	None	None	-0.90057	-0.00119	0.00189	-0.43457
 2024-1-29 13:12:55.515	0.0044	0.002	0.9995	0.0	0.0	0.0	0.324	-1.566	51.52	23.54	1222	966	-2506	None	None	None	None	-0.90057	-0.00119	0.00189	-0.43457
 2024-1-29 13:12:55.520	0.0059	0.0	0.9985	0.0	0.0	0.0	0.324	-1.566	51.52	23.73	1222	966	-2506	None	None	None	None	-0.90057	-0.00119	0.00189	-0.43457
 2024-1-29 13:12:55.520	0.0059	0.0	0.9985	0.0	0.0	0.0	0.324	-1.566	51.52	23.73	1222	966	-2506	None	None	None	None	-0.90057	-0.00119	0.00189	-0.43457
 2024-1-29 13:12:55.525	0.0059	0.0015	1.0015	0.0	0.0	0.0	0.324	-1.566	51.52	23.8	1222	966	-2506	None	None	None	None	-0.90057	-0.00119	0.00189	-0.43457
 2024-1-29 13:12:55.525	0.0059	0.0015	1.0015	0.0	0.0	0.0	0.324	-1.566	51.52	23.8	1222	966	-2506	None	None	None	None	-0.90057	-0.00119	0.00189	-0.43457
 2024-1-29 13:12:55.530	0.0034	0.0005	1.001	0.0	0.0	0.0	0.324	-1.566	51.52	23.54	1222	967	-2506	None	None	None	None	-0.90057	-0.00119	0.00189	-0.43457
 2024-1-29 13:12:55.530	0.0034	0.0005	1.001	0.0	0.0	0.0	0.324	-1.566	51.52	23.54	1222	967	-2506	None	None	None	None	-0.90057	-0.00119	0.00189	-0.43457
 2024-1-29 13:12:55.535	0.0039	0.002	0.998	0.0	0.0	0.0	0.324	-1.566	51.52	23.67	1222	966	-2506	None	None	None	None	-0.90057	-0.00119	0.00189	-0.43457
 2024-1-29 13:12:55.535	0.0039	0.002	0.998	0.0	0.0	0.0	0.324	-1.566	51.52	23.67	1222	966	-2506	None	None	None	None	-0.90057	-0.00119	0.00189	-0.43457
 2024-1-29 13:12:55.540	0.0029	0.0	0.9961	0.0	0.0	0.0	0.324	-1.566	51.52	23.73	1222	966	-2506	None	None	None	None	-0.90057	-0.00119	0.00189	-0.43457
 2024-1-29 13:12:55.540	0.0029	0.0	0.9961	0.0	0.0	0.0	0.324	-1.566	51.52	23.73	1222	966	-2506	None	None	None	None	-0.90057	-0.00119	0.00189	-0.43457
 2024-1-29 13:12:55.545	0.0015	0.0005	0.999	0.0	0.0	0.0	0.324	-1.566	51.52	23.67	1223	966	-2506	None	None	None	None	-0.90057	-0.00119	0.00189	-0.43457
 2024-1-29 13:12:55.545	0.0015	0.0005	0.999	0.0	0.0	0.0	0.324	-1.566	51.52	23.67	1223	966	-2506	None	None	None	None	-0.90057	-0.00119	0.00189	-0.43457
 2024-1-29 13:12:55.550	0.0039	0.0	1.001	0.0	0.0	0.0	0.324	-1.566	51.52	23.61	1223	967	-2506	None	None	None	None	-0.90057	-0.00119	0.00189	-0.43457
 2024-1-29 13:12:55.550	0.0039	0.0	1.001	0.0	0.0	0.0	0.324	-1.566	51.52	23.61	1223	967	-2506	None	None	None	None	-0.90057	-0.00119	0.00189	-0.43457
 2024-1-29 13:12:55.555	0.0039	0.0	1.0015	0.0	0.0	0.0	0.324	-1.566	51.52	23.67	1223	967	-2507	None	None	None	None	-0.90057	-0.00119	0.00189	-0.43457
 2024-1-29 13:12:55.555	0.0039	0.0	1.0015	0.0	0.0	0.0	0.324	-1.566	51.52	23.67	1223	967	-2507	None	None	None	None	-0.90057	-0.00119	0.00189	-0.43457
 2024-1-29 13:12:55.560	0.0059	0.0	1.0	0.0	0.0	0.0	0.324	-1.566	51.52	23.54	1223	967	-2507	None	None	None	None	-0.90057	-0.00119	0.00189	-0.43457
 2024-1-29 13:12:55.560	0.0059	0.0	1.0	0.0	0.0	0.0	0.324	-1.566	51.52	23.54	1223	967	-2507	None	None	None	None	-0.90057	-0.00119	0.00189	-0.43457
 2024-1-29 13:12:55.565	0.0034	0.001	1.001	0.0	0.0	0.0	0.324	-1.566	51.52	23.67	1222	967	-2507	None	None	None	None	-0.90057	-0.00119	0.00189	-0.43457
 2024-1-29 13:12:55.565	0.0034	0.001	1.001	0.0	0.0	0.0	0.324	-1.566	51.52	23.67	1222	967	-2507	None	None	None	None	-0.90057	-0.00119	0.00189	-0.43457
 2024-1-29 13:12:55.570	0.0039	0.0	0.9985	0.0	0.0	0.0	0.324	-1.566	51.52	23.73	1222	967	-2507	None	None	None	None	-0.90057	-0.00119	0.00189	-0.43457
 2024-1-29 13:12:55.570	0.0039	0.0	0.9985	0.0	0.0	0.0	0.324	-1.566	51.52	23.73	1222	967	-2507	None	None	None	None	-0.90057	-0.00119	0.00189	-0.43457
 2024-1-29 13:12:55.575	0.0024	0.002	1.0	0.0	0.0	0.0	0.324	-1.566	51.52	23.42	1222	967	-2507	None	None	None	None	-0.90057	-0.00119	0.00189	-0.43457
 2024-1-29 13:12:55.575	0.0024	0.002	1.0	0.0	0.0	0.0	0.324	-1.566	51.52	23.42	1222	967	-2507	None	None	None	None	-0.90057	-0.00119	0.00189	-0.43457
 2024-1-29 13:12:55.580	0.0049	0.0005	1.0005	0.0	0.0	0.0	0.324	-1.566	51.52	23.8	1222	967	-2506	None	None	None	None	-0.90057	-0.00119	0.00189	-0.43457
 2024-1-29 13:12:55.580	0.0049	0.0005	1.0005	0.0	0.0	0.0	0.324	-1.566	51.52	23.8	1222	967	-2506	None	None	None	None	-0.90057	-0.00119	0.00189	-0.43457
 2024-1-29 13:12:55.585	0.0049	0.0	1.0024	0.0	0.0	0.0	0.324	-1.566	51.52	23.86	1222	967	-2507	None	None	None	None	-0.90057	-0.00119	0.00189	-0.43457
 2024-1-29 13:12:55.585	0.0049	0.0	1.0024	0.0	0.0	0.0	0.324	-1.566	51.52	23.86	1222	967	-2507	None	None	None	None	-0.90057	-0.00119	0.00189	-0.43457
 2024-1-29 13:12:55.590	0.0024	0.001	0.9985	0.0	0.0	0.0	0.324	-1.566	51.52	23.92	1223	966	-2507	None	None	None	None	-0.90057	-0.00119	0.00189	-0.43457
 2024-1-29 13:12:55.590	0.0024	0.001	0.9985	0.0	0.0	0.0	0.324	-1.566	51.52	23.92	1223	966	-2507	None	None	None	None	-0.90057	-0.00119	0.00189	-0.43457
 2024-1-29 13:12:55.595	0.0068	0.0	0.9995	0.0	0.0	0.0	0.324	-1.566	51.52	23.67	1223	966	-2507	None	None	None	None	-0.90057	-0.00119	0.00189	-0.43457
 2024-1-29 13:12:55.595	0.0068	0.0	0.9995	0.0	0.0	0.0	0.324	-1.566	51.52	23.67	1223	966	-2507	None	None	None	None	-0.90057	-0.00119	0.00189	-0.43457
 2024-1-29 13:12:55.600	0.0034	0.0	0.9985	0.0	0.0	0.0	0.324	-1.566	51.52	23.73	1223	967	-2507	None	None	None	None	-0.90057	-0.00119	0.00189	-0.43457
 2024-1-29 13:12:55.600	0.0034	0.0	0.9985	0.0	0.0	0.0	0.324	-1.566	51.52	23.73	1223	967	-2507	None	None	None	None	-0.90057	-0.00119	0.00189	-0.43457
 2024-1-29 13:12:55.605	0.0029	0.0005	0.999	0.0	0.0	0.0	0.324	-1.566	51.52	23.8	1223	967	-2507	None	None	None	None	-0.90057	-0.00119	0.00189	-0.43457
 2024-1-29 13:12:55.605	0.0029	0.0005	0.999	0.0	0.0	0.0	0.324	-1.566	51.52	23.8	1223	967	-2507	None	None	None	None	-0.90057	-0.00119	0.00189	-0.43457
 2024-1-29 13:12:55.610	0.0024	-0.0005	0.9995	0.0	0.0	0.0	0.324	-1.566	51.52	23.92	1223	967	-2507	None	None	None	None	-0.90057	-0.00119	0.00189	-0.43457
 2024-1-29 13:12:55.610	0.0024	-0.0005	0.9995	0.0	0.0	0.0	0.324	-1.566	51.52	23.92	1223	967	-2507	None	None	None	None	-0.90057	-0.00119	0.00189	-0.43457
 2024-1-29 13:12:55.615	0.0024	-0.0015	1.0005	0.0	0.0	0.0	0.324	-1.566	51.52	23.73	1222	967	-2507	None	None	None	None	-0.90057	-0.00119	0.00189	-0.43457
 2024-1-29 13:12:55.615	0.0024	-0.0015	1.0005	0.0	0.0	0.0	0.324	-1.566	51.52	23.73	1222	967	-2507	None	None	None	None	-0.90057	-0.00119	0.00189	-0.43457
 2024-1-29 13:12:55.620	0.0044	0.0	1.002	0.0	0.0	0.0	0.324	-1.566	51.52	23.61	1221	967	-2506	None	None	None	None	-0.90057	-0.00119	0.00189	-0.43457
 2024-1-29 13:12:55.620	0.0044	0.0	1.002	0.0	0.0	0.0	0.324	-1.566	51.52	23.61	1221	967	-2506	None	None	None	None	-0.90057	-0.00119	0.00189	-0.43457
 2024-1-29 13:12:55.625	0.0059	0.0015	1.001	0.0	0.0	0.0	0.324	-1.566	51.52	23.61	1222	967	-2506	None	None	None	None	-0.90057	-0.00119	0.00189	-0.43457
 2024-1-29 13:12:55.625	0.0059	0.0015	1.001	0.0	0.0	0.0	0.324	-1.566	51.52	23.61	1222	967	-2506	None	None	None	None	-0.90057	-0.00119	0.00189	-0.43457
 2024-1-29 13:12:55.630	0.0054	0.0015	0.9976	0.0	0.0	0.0	0.324	-1.566	51.52	23.73	1222	967	-2506	None	None	None	None	-0.90057	-0.00119	0.00189	-0.43457
 2024-1-29 13:12:55.630	0.0054	0.0015	0.9976	0.0	0.0	0.0	0.324	-1.566	51.52	23.73	1222	967	-2506	None	None	None	None	-0.90057	-0.00119	0.00189	-0.43457
 2024-1-29 13:12:55.635	0.0068	0.0024	0.998	0.0	0.0	0.0	0.324	-1.566	51.52	23.8	1222	967	-2506	None	None	None	None	-0.90057	-0.00119	0.00189	-0.43457
 2024-1-29 13:12:55.635	0.0068	0.0024	0.998	0.0	0.0	0.0	0.324	-1.566	51.52	23.8	1222	967	-2506	None	None	None	None	-0.90057	-0.00119	0.00189	-0.43457
 2024-1-29 13:12:55.640	0.0029	-0.001	0.9995	0.0	0.0	0.0	0.324	-1.566	51.52	23.67	1222	967	-2506	None	None	None	None	-0.90057	-0.00119	0.00189	-0.43457
 2024-1-29 13:12:55.640	0.0029	-0.001	0.9995	0.0	0.0	0.0	0.324	-1.566	51.52	23.67	1222	967	-2506	None	None	None	None	-0.90057	-0.00119	0.00189	-0.43457
 2024-1-29 13:12:55.645	0.0039	0.0	1.0015	0.0	0.0	0.0	0.324	-1.566	51.52	23.8	1222	967	-2506	None	None	None	None	-0.90057	-0.00119	0.00189	-0.43457
 2024-1-29 13:12:55.645	0.0039	0.0	1.0015	0.0	0.0	0.0	0.324	-1.566	51.52	23.8	1222	967	-2506	None	None	None	None	-0.90057	-0.00119	0.00189	-0.43457
 2024-1-29 13:12:55.650	0.0034	0.0005	0.999	0.0	0.0	0.0	0.324	-1.566	51.52	23.67	1222	967	-2506	None	None	None	None	-0.90057	-0.00119	0.00189	-0.43457
 2024-1-29 13:12:55.650	0.0034	0.0005	0.999	0.0	0.0	0.0	0.324	-1.566	51.52	23.67	1222	967	-2506	None	None	None	None	-0.90057	-0.00119	0.00189	-0.43457
 2024-1-29 13:12:55.655	0.0068	0.001	1.0005	0.0	0.0	0.0	0.324	-1.566	51.52	23.73	1223	967	-2506	None	None	None	None	-0.90057	-0.00119	0.00189	-0.43457
 2024-1-29 13:12:55.655	0.0068	0.001	1.0005	0.0	0.0	0.0	0.324	-1.566	51.52	23.73	1223	967	-2506	None	None	None	None	-0.90057	-0.00119	0.00189	-0.43457
 2024-1-29 13:12:55.660	0.0049	0.0	1.001	0.0	0.0	0.0	0.324	-1.566	51.52	23.73	1223	967	-2506	None	None	None	None	-0.90057	-0.00119	0.00189	-0.43457
 2024-1-29 13:12:55.660	0.0049	0.0	1.001	0.0	0.0	0.0	0.324	-1.566	51.52	23.73	1223	967	-2506	None	None	None	None	-0.90057	-0.00119	0.00189	-0.43457
 2024-1-29 13:12:55.665	0.0044	-0.0005	0.999	0.0	0.0	0.0	0.324	-1.566	51.52	23.54	1222	967	-2506	None	None	None	None	-0.90057	-0.00119	0.00189	-0.43457
 2024-1-29 13:12:55.665	0.0044	-0.0005	0.999	0.0	0.0	0.0	0.324	-1.566	51.52	23.54	1222	967	-2506	None	None	None	None	-0.90057	-0.00119	0.00189	-0.43457
 2024-1-29 13:12:55.670	0.0024	0.0029	0.9976	0.0	0.0	0.0	0.324	-1.566	51.52	23.73	1222	967	-2507	None	None	None	None	-0.90057	-0.00119	0.00189	-0.43457
 2024-1-29 13:12:55.670	0.0024	0.0029	0.9976	0.0	0.0	0.0	0.324	-1.566	51.52	23.73	1222	967	-2507	None	None	None	None	-0.90057	-0.00119	0.00189	-0.43457
 2024-1-29 13:12:55.675	0.0024	0.0	1.0005	0.0	0.0	0.0	0.324	-1.566	51.52	23.73	1222	967	-2506	None	None	None	None	-0.90057	-0.00119	0.00189	-0.43457
 2024-1-29 13:12:55.675	0.0024	0.0	1.0005	0.0	0.0	0.0	0.324	-1.566	51.52	23.73	1222	967	-2506	None	None	None	None	-0.90057	-0.00119	0.00189	-0.43457
 2024-1-29 13:12:55.680	0.0034	-0.0015	1.0024	0.0	0.0	0.0	0.324	-1.566	51.52	23.61	1222	967	-2506	None	None	None	None	-0.90057	-0.00119	0.00189	-0.43457
 2024-1-29 13:12:55.680	0.0034	-0.0015	1.0024	0.0	0.0	0.0	0.324	-1.566	51.52	23.61	1222	967	-2506	None	None	None	None	-0.90057	-0.00119	0.00189	-0.43457
 2024-1-29 13:12:55.685	0.0049	0.001	0.9966	0.0	0.0	0.0	0.324	-1.566	51.52	23.73	1222	967	-2506	None	None	None	None	-0.90057	-0.00119	0.00189	-0.43457
 2024-1-29 13:12:55.685	0.0049	0.001	0.9966	0.0	0.0	0.0	0.324	-1.566	51.52	23.73	1222	967	-2506	None	None	None	None	-0.90057	-0.00119	0.00189	-0.43457
 2024-1-29 13:12:55.690	0.0068	0.0015	1.0015	0.0	0.0	0.0	0.324	-1.566	51.52	23.73	1222	967	-2506	None	None	None	None	-0.90057	-0.00119	0.00189	-0.43457
 2024-1-29 13:12:55.690	0.0068	0.0015	1.0015	0.0	0.0	0.0	0.324	-1.566	51.52	23.73	1222	967	-2506	None	None	None	None	-0.90057	-0.00119	0.00189	-0.43457
 2024-1-29 13:12:55.695	0.0059	0.002	1.0	0.0	0.0	0.0	0.324	-1.566	51.52	23.73	1223	967	-2506	None	None	None	None	-0.90057	-0.00119	0.00189	-0.43457
 2024-1-29 13:12:55.695	0.0059	0.002	1.0	0.0	0.0	0.0	0.324	-1.566	51.52	23.73	1223	967	-2506	None	None	None	None	-0.90057	-0.00119	0.00189	-0.43457
 2024-1-29 13:12:55.700	0.0039	-0.001	1.001	0.0	0.0	0.0	0.324	-1.566	51.52	23.67	1223	967	-2506	None	None	None	None	-0.90057	-0.00119	0.00189	-0.43457
 2024-1-29 13:12:55.700	0.0039	-0.001	1.001	0.0	0.0	0.0	0.324	-1.566	51.52	23.67	1223	967	-2506	None	None	None	None	-0.90057	-0.00119	0.00189	-0.43457
 2024-1-29 13:12:55.705	0.0024	0.0	0.9971	0.0	0.0	0.0	0.324	-1.566	51.52	23.73	1223	968	-2506	None	None	None	None	-0.90057	-0.00119	0.00189	-0.43457
 2024-1-29 13:12:55.705	0.0024	0.0	0.9971	0.0	0.0	0.0	0.324	-1.566	51.52	23.73	1223	968	-2506	None	None	None	None	-0.90057	-0.00119	0.00189	-0.43457
 2024-1-29 13:12:55.710	0.0034	0.0	0.9961	0.0	0.0	0.0	0.324	-1.566	51.52	23.67	1223	968	-2507	None	None	None	None	-0.90057	-0.00119	0.00189	-0.43457
 2024-1-29 13:12:55.710	0.0034	0.0	0.9961	0.0	0.0	0.0	0.324	-1.566	51.52	23.67	1223	968	-2507	None	None	None	None	-0.90057	-0.00119	0.00189	-0.43457
 2024-1-29 13:12:55.715	0.0034	-0.002	1.002	0.0	0.0	0.0	0.324	-1.566	51.52	23.8	1223	968	-2507	None	None	None	None	-0.90057	-0.00119	0.00189	-0.43457
 2024-1-29 13:12:55.715	0.0034	-0.002	1.002	0.0	0.0	0.0	0.324	-1.566	51.52	23.8	1223	968	-2507	None	None	None	None	-0.90057	-0.00119	0.00189	-0.43457
 2024-1-29 13:12:55.720	0.0039	0.0	1.002	0.0	0.0	0.0	0.324	-1.566	51.52	23.8	1222	968	-2507	None	None	None	None	-0.90057	-0.00119	0.00189	-0.43457
 2024-1-29 13:12:55.720	0.0039	0.0	1.002	0.0	0.0	0.0	0.324	-1.566	51.52	23.8	1222	968	-2507	None	None	None	None	-0.90057	-0.00119	0.00189	-0.43457
 2024-1-29 13:12:55.725	0.0073	0.002	1.001	0.0	0.0	0.0	0.324	-1.566	51.52	23.61	1222	968	-2507	None	None	None	None	-0.90057	-0.00119	0.00189	-0.43457
 2024-1-29 13:12:55.725	0.0073	0.002	1.001	0.0	0.0	0.0	0.324	-1.566	51.52	23.61	1222	968	-2507	None	None	None	None	-0.90057	-0.00119	0.00189	-0.43457
 2024-1-29 13:12:55.730	0.0078	0.0029	1.001	0.0	0.0	0.0	0.324	-1.566	51.52	23.73	1222	968	-2506	None	None	None	None	-0.90057	-0.00119	0.00189	-0.43457
 2024-1-29 13:12:55.730	0.0078	0.0029	1.001	0.0	0.0	0.0	0.324	-1.566	51.52	23.73	1222	968	-2506	None	None	None	None	-0.90057	-0.00119	0.00189	-0.43457
 2024-1-29 13:12:55.735	0.0015	0.001	1.0034	0.0	0.0	0.0	0.324	-1.566	51.52	23.73	1222	968	-2507	None	None	None	None	-0.90057	-0.00119	0.00189	-0.43457
 2024-1-29 13:12:55.735	0.0015	0.001	1.0034	0.0	0.0	0.0	0.324	-1.566	51.52	23.73	1222	968	-2507	None	None	None	None	-0.90057	-0.00119	0.00189	-0.43457
 2024-1-29 13:12:55.740	0.0024	0.0005	0.9966	0.0	0.0	0.0	0.324	-1.566	51.52	23.67	1223	967	-2507	None	None	None	None	-0.90057	-0.00119	0.00189	-0.43457
 2024-1-29 13:12:55.740	0.0024	0.0005	0.9966	0.0	0.0	0.0	0.324	-1.566	51.52	23.67	1223	967	-2507	None	None	None	None	-0.90057	-0.00119	0.00189	-0.43457
 2024-1-29 13:12:55.745	0.0024	0.0005	0.9995	0.0	0.0	0.0	0.324	-1.566	51.52	23.67	1223	967	-2507	None	None	None	None	-0.90057	-0.00119	0.00189	-0.43457
 2024-1-29 13:12:55.745	0.0024	0.0005	0.9995	0.0	0.0	0.0	0.324	-1.566	51.52	23.67	1223	967	-2507	None	None	None	None	-0.90057	-0.00119	0.00189	-0.43457
 2024-1-29 13:12:55.750	0.0059	-0.001	1.0005	0.0	0.0	0.0	0.324	-1.566	51.52	23.8	1223	967	-2507	None	None	None	None	-0.90057	-0.00119	0.00189	-0.43457
 2024-1-29 13:12:55.750	0.0059	-0.001	1.0005	0.0	0.0	0.0	0.324	-1.566	51.52	23.8	1223	967	-2507	None	None	None	None	-0.90057	-0.00119	0.00189	-0.43457
 2024-1-29 13:12:55.755	0.0063	0.0005	1.0005	0.0	0.0	0.0	0.324	-1.566	51.52	23.86	1223	967	-2507	None	None	None	None	-0.90057	-0.00119	0.00189	-0.43457
 2024-1-29 13:12:55.755	0.0063	0.0005	1.0005	0.0	0.0	0.0	0.324	-1.566	51.52	23.86	1223	967	-2507	None	None	None	None	-0.90057	-0.00119	0.00189	-0.43457
 2024-1-29 13:12:55.760	0.0059	0.0005	0.999	0.0	0.0	0.0	0.324	-1.566	51.52	23.73	1223	967	-2507	None	None	None	None	-0.90057	-0.00119	0.00189	-0.43457
 2024-1-29 13:12:55.760	0.0059	0.0005	0.999	0.0	0.0	0.0	0.324	-1.566	51.52	23.73	1223	967	-2507	None	None	None	None	-0.90057	-0.00119	0.00189	-0.43457
 2024-1-29 13:12:55.765	0.0049	0.0	0.9976	0.0	0.0	0.0	0.324	-1.566	51.52	23.73	1223	967	-2507	None	None	None	None	-0.90057	-0.00119	0.00189	-0.43457
 2024-1-29 13:12:55.765	0.0049	0.0	0.9976	0.0	0.0	0.0	0.324	-1.566	51.52	23.73	1223	967	-2507	None	None	None	None	-0.90057	-0.00119	0.00189	-0.43457
 2024-1-29 13:12:55.770	0.002	-0.001	0.998	0.0	0.0	0.0	0.324	-1.566	51.52	23.42	1222	967	-2507	None	None	None	None	-0.90057	-0.00119	0.00189	-0.43457
 2024-1-29 13:12:55.770	0.002	-0.001	0.998	0.0	0.0	0.0	0.324	-1.566	51.52	23.42	1222	967	-2507	None	None	None	None	-0.90057	-0.00119	0.00189	-0.43457
 2024-1-29 13:12:55.775	0.0024	-0.0005	1.0	0.0	0.0	0.0	0.324	-1.566	51.52	23.86	1222	967	-2507	None	None	None	None	-0.90057	-0.00119	0.00189	-0.43457
 2024-1-29 13:12:55.775	0.0024	-0.0005	1.0	0.0	0.0	0.0	0.324	-1.566	51.52	23.86	1222	967	-2507	None	None	None	None	-0.90057	-0.00119	0.00189	-0.43457
 2024-1-29 13:12:55.780	0.0039	0.001	1.001	0.0	0.0	0.0	0.324	-1.566	51.52	23.73	1222	967	-2506	None	None	None	None	-0.90057	-0.00119	0.00189	-0.43457
 2024-1-29 13:12:55.780	0.0039	0.001	1.001	0.0	0.0	0.0	0.324	-1.566	51.52	23.73	1222	967	-2506	None	None	None	None	-0.90057	-0.00119	0.00189	-0.43457
 2024-1-29 13:12:55.785	0.0044	0.0	1.0	0.0	0.0	0.0	0.324	-1.566	51.52	23.73	1222	967	-2506	None	None	None	None	-0.90057	-0.00119	0.00189	-0.43457
 2024-1-29 13:12:55.785	0.0044	0.0	1.0	0.0	0.0	0.0	0.324	-1.566	51.52	23.73	1222	967	-2506	None	None	None	None	-0.90057	-0.00119	0.00189	-0.43457
 2024-1-29 13:12:55.790	0.0024	0.001	1.0024	0.0	0.0	0.0	0.324	-1.566	51.52	23.73	1222	967	-2506	None	None	None	None	-0.90057	-0.00119	0.00189	-0.43457
 2024-1-29 13:12:55.790	0.0024	0.001	1.0024	0.0	0.0	0.0	0.324	-1.566	51.52	23.73	1222	967	-2506	None	None	None	None	-0.90057	-0.00119	0.00189	-0.43457
 2024-1-29 13:12:55.795	0.0059	0.001	1.0005	0.0	0.0	0.0	0.324	-1.566	51.52	23.61	1223	967	-2506	None	None	None	None	-0.90057	-0.00119	0.00189	-0.43457
 2024-1-29 13:12:55.795	0.0059	0.001	1.0005	0.0	0.0	0.0	0.324	-1.566	51.52	23.61	1223	967	-2506	None	None	None	None	-0.90057	-0.00119	0.00189	-0.43457
 2024-1-29 13:12:55.800	0.001	0.0005	0.9995	0.0	0.0	0.0	0.324	-1.566	51.52	23.42	1223	967	-2507	None	None	None	None	-0.90057	-0.00119	0.00189	-0.43457
 2024-1-29 13:12:55.800	0.001	0.0005	0.9995	0.0	0.0	0.0	0.324	-1.566	51.52	23.42	1223	967	-2507	None	None	None	None	-0.90057	-0.00119	0.00189	-0.43457
 2024-1-29 13:12:55.805	0.0034	0.0	1.0	0.0	0.0	0.0	0.324	-1.566	51.52	23.73	1223	967	-2506	None	None	None	None	-0.90057	-0.00119	0.00189	-0.43457
 2024-1-29 13:12:55.805	0.0034	0.0	1.0	0.0	0.0	0.0	0.324	-1.566	51.52	23.73	1223	967	-2506	None	None	None	None	-0.90057	-0.00119	0.00189	-0.43457
 2024-1-29 13:12:55.810	0.0044	-0.0024	0.998	0.0	0.0	0.0	0.324	-1.566	51.52	23.67	1223	967	-2506	None	None	None	None	-0.90057	-0.00119	0.00189	-0.43457
 2024-1-29 13:12:55.810	0.0044	-0.0024	0.998	0.0	0.0	0.0	0.324	-1.566	51.52	23.67	1223	967	-2506	None	None	None	None	-0.90057	-0.00119	0.00189	-0.43457
 2024-1-29 13:12:55.815	0.002	0.0005	0.9985	0.0	0.0	0.0	0.324	-1.566	51.52	23.61	1223	967	-2506	None	None	None	None	-0.90057	-0.00119	0.00189	-0.43457
 2024-1-29 13:12:55.815	0.002	0.0005	0.9985	0.0	0.0	0.0	0.324	-1.566	51.52	23.61	1223	967	-2506	None	None	None	None	-0.90057	-0.00119	0.00189	-0.43457
 2024-1-29 13:12:55.820	0.0054	0.001	0.9985	0.0	0.0	0.0	0.324	-1.566	51.52	23.73	1222	967	-2506	None	None	None	None	-0.90057	-0.00119	0.00189	-0.43457
 2024-1-29 13:12:55.820	0.0054	0.001	0.9985	0.0	0.0	0.0	0.324	-1.566	51.52	23.73	1222	967	-2506	None	None	None	None	-0.90057	-0.00119	0.00189	-0.43457
 2024-1-29 13:12:55.825	0.0049	0.0015	1.0005	0.0	0.0	0.0	0.324	-1.566	51.52	23.67	1222	967	-2506	None	None	None	None	-0.90057	-0.00119	0.00189	-0.43457
 2024-1-29 13:12:55.825	0.0049	0.0015	1.0005	0.0	0.0	0.0	0.324	-1.566	51.52	23.67	1222	967	-2506	None	None	None	None	-0.90057	-0.00119	0.00189	-0.43457
 2024-1-29 13:12:55.830	0.0049	0.001	0.999	0.0	0.0	0.0	0.324	-1.566	51.52	23.54	1223	967	-2506	None	None	None	None	-0.90057	-0.00119	0.00189	-0.43457
 2024-1-29 13:12:55.830	0.0049	0.001	0.999	0.0	0.0	0.0	0.324	-1.566	51.52	23.54	1223	967	-2506	None	None	None	None	-0.90057	-0.00119	0.00189	-0.43457
 2024-1-29 13:12:55.835	0.0059	0.0005	0.9985	0.0	0.0	0.0	0.324	-1.566	51.52	24.05	1222	967	-2507	None	None	None	None	-0.90057	-0.00119	0.00189	-0.43457
 2024-1-29 13:12:55.835	0.0059	0.0005	0.9985	0.0	0.0	0.0	0.324	-1.566	51.52	24.05	1222	967	-2507	None	None	None	None	-0.90057	-0.00119	0.00189	-0.43457
 2024-1-29 13:12:55.840	0.0039	0.0029	0.999	0.0	0.0	0.0	0.324	-1.566	51.52	23.67	1222	967	-2507	None	None	None	None	-0.90057	-0.00119	0.00189	-0.43457
 2024-1-29 13:12:55.840	0.0039	0.0029	0.999	0.0	0.0	0.0	0.324	-1.566	51.52	23.67	1222	967	-2507	None	None	None	None	-0.90057	-0.00119	0.00189	-0.43457
 2024-1-29 13:12:55.845	0.0044	-0.001	1.0005	0.0	0.0	0.0	0.324	-1.566	51.52	23.42	1223	967	-2506	None	None	None	None	-0.90057	-0.00119	0.00189	-0.43457
 2024-1-29 13:12:55.845	0.0044	-0.001	1.0005	0.0	0.0	0.0	0.324	-1.566	51.52	23.42	1223	967	-2506	None	None	None	None	-0.90057	-0.00119	0.00189	-0.43457
 2024-1-29 13:12:55.850	0.0005	-0.0015	1.0	0.0	0.0	0.0	0.324	-1.566	51.52	23.8	1223	967	-2506	None	None	None	None	-0.90057	-0.00119	0.00189	-0.43457
 2024-1-29 13:12:55.850	0.0005	-0.0015	1.0	0.0	0.0	0.0	0.324	-1.566	51.52	23.8	1223	967	-2506	None	None	None	None	-0.90057	-0.00119	0.00189	-0.43457
 2024-1-29 13:12:55.855	0.0049	-0.0015	1.002	0.0	0.0	0.0	0.324	-1.566	51.52	23.61	1223	967	-2506	None	None	None	None	-0.90057	-0.00119	0.00189	-0.43457
 2024-1-29 13:12:55.855	0.0049	-0.0015	1.002	0.0	0.0	0.0	0.324	-1.566	51.52	23.61	1223	967	-2506	None	None	None	None	-0.90057	-0.00119	0.00189	-0.43457
 2024-1-29 13:12:55.860	0.0049	0.0	0.999	0.0	0.0	0.0	0.324	-1.566	51.52	23.8	1223	967	-2506	None	None	None	None	-0.90057	-0.00119	0.00189	-0.43457
 2024-1-29 13:12:55.860	0.0049	0.0	0.999	0.0	0.0	0.0	0.324	-1.566	51.52	23.8	1223	967	-2506	None	None	None	None	-0.90057	-0.00119	0.00189	-0.43457
 2024-1-29 13:12:55.865	0.0059	0.0	1.0	0.0	0.0	0.0	0.324	-1.566	51.52	23.67	1222	967	-2507	None	None	None	None	-0.90057	-0.00119	0.00189	-0.43457
 2024-1-29 13:12:55.865	0.0059	0.0	1.0	0.0	0.0	0.0	0.324	-1.566	51.52	23.67	1222	967	-2507	None	None	None	None	-0.90057	-0.00119	0.00189	-0.43457
 2024-1-29 13:12:55.870	0.0049	0.001	0.9985	0.0	0.0	0.0	0.324	-1.566	51.52	23.54	1222	967	-2507	None	None	None	None	-0.90057	-0.00119	0.00189	-0.43457
 2024-1-29 13:12:55.870	0.0049	0.001	0.9985	0.0	0.0	0.0	0.324	-1.566	51.52	23.54	1222	967	-2507	None	None	None	None	-0.90057	-0.00119	0.00189	-0.43457
 2024-1-29 13:12:55.875	0.0054	0.002	0.999	0.0	0.0	0.0	0.324	-1.566	51.52	23.61	1222	967	-2507	None	None	None	None	-0.90057	-0.00119	0.00189	-0.43457
 2024-1-29 13:12:55.875	0.0054	0.002	0.999	0.0	0.0	0.0	0.324	-1.566	51.52	23.61	1222	967	-2507	None	None	None	None	-0.90057	-0.00119	0.00189	-0.43457
 2024-1-29 13:12:55.880	0.0039	-0.0005	0.999	0.0	0.0	0.0	0.324	-1.566	51.52	23.67	1223	967	-2506	None	None	None	None	-0.90057	-0.00119	0.00189	-0.43457
 2024-1-29 13:12:55.880	0.0039	-0.0005	0.999	0.0	0.0	0.0	0.324	-1.566	51.52	23.67	1223	967	-2506	None	None	None	None	-0.90057	-0.00119	0.00189	-0.43457
 2024-1-29 13:12:55.885	0.0015	0.0	1.001	0.0	0.0	0.0	0.324	-1.566	51.52	23.67	1223	967	-2506	None	None	None	None	-0.90057	-0.00119	0.00189	-0.43457
 2024-1-29 13:12:55.885	0.0015	0.0	1.001	0.0	0.0	0.0	0.324	-1.566	51.52	23.67	1223	967	-2506	None	None	None	None	-0.90057	-0.00119	0.00189	-0.43457
 2024-1-29 13:12:55.890	0.0049	0.002	1.0015	0.0	0.0	0.0	0.324	-1.566	51.52	23.73	1223	966	-2506	None	None	None	None	-0.90057	-0.00119	0.00189	-0.43457
 2024-1-29 13:12:55.890	0.0049	0.002	1.0015	0.0	0.0	0.0	0.324	-1.566	51.52	23.73	1223	966	-2506	None	None	None	None	-0.90057	-0.00119	0.00189	-0.43457
 2024-1-29 13:12:55.895	0.0059	0.002	1.001	0.0	0.0	0.0	0.324	-1.566	51.52	23.73	1223	966	-2506	None	None	None	None	-0.90057	-0.00119	0.00189	-0.43457
 2024-1-29 13:12:55.895	0.0059	0.002	1.001	0.0	0.0	0.0	0.324	-1.566	51.52	23.73	1223	966	-2506	None	None	None	None	-0.90057	-0.00119	0.00189	-0.43457
